[IMPORTANT:flutter/shell/platform/android/android_context_vk_impeller.cc(62)] Using the Impeller rendering backend (Vulkan).
[IMPORTANT:flutter/shell/platform/android/android_context_gl_impeller.cc(104)] Using the Impeller rendering backend (OpenGLES).
VIEW-04 result: {"card":"VIEW-04","build_mode":"debug","scenario":"bgra_path","width":720,"height":480,"samples":60,"texture_width":720,"texture_height":480,"texture_bytes":1382400,"convert_median_ms":9.549,"convert_p90_ms":14.223,"buffer_median_ms":0.81,"buffer_p90_ms":0.923,"codec_median_ms":0.054,"codec_p90_ms":0.063,"image_median_ms":3.949,"image_p90_ms":6.959,"show_median_ms":18.861,"show_p90_ms":20.999,"total_median_ms":32.899,"total_p90_ms":34.522,"frame_timings_in_window":60,"raster_median_ms":1.784,"raster_p90_ms":2.033,"build_median_ms":6.775}
VIEW-04 raw debug bgra_path 720x480 convert: 17403,9985,15309,8665,9313,8994,9996,8971,8872,11098,8533,9549,9915,9040,9505,9940,9022,9739,9289,9104,10100,8814,9267,19434,8811,16015,8627,9057,9785,8854,9373,10393,8656,9260,10430,9011,18512,8570,8940,10056,9231,9017,9981,8979,8854,13702,12552,8737,10685,10160,14223,10296,9025,13819,13477,8974,10748,10731,10314,17109
VIEW-04 raw debug bgra_path 720x480 buffer: 890,802,855,756,790,770,799,778,760,825,749,838,861,793,795,810,777,800,798,766,828,801,4517,4096,807,835,754,763,808,777,758,866,821,861,832,1716,833,728,724,810,827,757,876,787,757,1382,846,752,829,923,908,846,755,835,919,760,850,1056,835,991
VIEW-04 raw debug bgra_path 720x480 codec: 54,54,53,53,54,54,54,54,53,63,54,54,55,54,55,55,53,55,61,54,57,51,51,57,55,91,51,54,55,53,54,55,53,63,57,53,50,58,51,54,53,52,86,56,52,89,52,50,55,70,60,55,52,84,56,59,57,59,55,64
VIEW-04 raw debug bgra_path 720x480 image: 6049,5196,7566,3952,3630,4499,3434,3949,10008,8240,3389,3241,3642,3303,3662,4047,3611,3418,3485,3108,4634,3507,5108,5298,5832,4937,3221,3235,3422,3480,3235,3473,3499,3242,3289,4909,5365,3225,3467,3375,3624,3209,4306,3889,3390,7462,8325,3829,4828,4304,6879,5514,4116,5040,9321,3681,4625,5972,5000,6959
VIEW-04 raw debug bgra_path 720x480 show: 23943,16629,7866,20334,19814,17951,19064,18551,12860,12572,20845,18861,18905,19525,18882,18038,19619,18135,19448,20730,15743,20318,12694,21640,16763,10222,21869,20951,16804,19993,20108,17852,19534,19540,18519,16425,7388,21980,19127,18363,20528,19251,16614,20124,20999,7818,11528,21029,14789,19144,8832,17992,18428,11941,8850,20793,14915,15700,18088,23159
VIEW-04 raw debug bgra_path 720x480 total: 48339,32666,31649,33760,33601,32268,33347,32303,32553,32798,33570,32543,33378,32715,32899,32890,33082,32147,33081,33762,31362,33491,31637,50525,32268,32100,34522,34060,30874,33157,33528,32639,32563,32966,33127,32114,32148,34561,32309,32658,34263,32286,31863,33835,34052,30453,33303,34397,31186,34601,30902,34703,32376,31719,32623,34267,31195,33518,34292,48282
VIEW-04 raw debug bgra_path 720x480 raster: 1684,1674,1554,1515,2035,1755,1509,1608,1649,1492,1791,1844,1705,1721,1877,1730,1604,1726,2022,1715,1575,1875,1734,1798,1644,1601,1853,1567,1562,1793,1848,1524,1734,1818,1836,1693,1505,2033,1587,1624,2019,1869,1541,1862,1992,1550,1840,2128,2031,2125,1800,1784,2066,2212,1784,1876,1896,2030,2192,1916
VIEW-04 result: {"card":"VIEW-04","build_mode":"debug","scenario":"redraw_same_image","width":720,"height":480,"samples":60,"show_median_ms":16.454,"show_p90_ms":18.347,"frame_timings_in_window":60,"raster_median_ms":2.002,"raster_p90_ms":2.208,"build_median_ms":11.49}
VIEW-04 raw debug redraw_same_image 720x480 show: 17186,16356,15145,17648,15667,18450,13577,17162,16021,16005,17630,16685,16065,16948,15351,20023,12970,16653,16421,15332,16204,17931,16992,16164,16018,16452,15607,15945,17774,16766,15233,16716,15501,18347,15843,16454,17710,17346,13488,16685,15807,16462,16664,15704,17728,15723,16346,16650,30081,21243,15482,16425,22771,25561,15451,17948,15011,17277,17287,15255
VIEW-04 raw debug redraw_same_image 720x480 raster: 2098,1966,1977,1973,1930,1979,1645,2045,1795,1730,2132,2189,1922,1965,1810,2054,2131,2036,1867,1855,1637,2010,2275,2060,2112,2014,2245,1734,2118,2031,2042,2215,1591,2157,2169,2090,2127,1975,2156,2024,1881,1777,1877,1764,2105,1886,1725,1800,1918,2336,2208,2211,2002,2478,1760,1876,1788,1811,2068,1917
VIEW-04 result: {"card":"VIEW-04","build_mode":"debug","scenario":"planes_as_rgba_upload","width":720,"height":480,"samples":60,"texture_width":180,"texture_height":720,"texture_bytes":518400,"convert_median_ms":0.006,"convert_p90_ms":0.007,"buffer_median_ms":0.556,"buffer_p90_ms":0.7,"codec_median_ms":0.069,"codec_p90_ms":0.084,"image_median_ms":4.245,"image_p90_ms":5.053,"show_median_ms":28.285,"show_p90_ms":31.061,"total_median_ms":32.981,"total_p90_ms":35.665,"frame_timings_in_window":60,"raster_median_ms":3.468,"raster_p90_ms":3.944,"build_median_ms":17.99}
VIEW-04 raw debug planes_as_rgba_upload 720x480 convert: 5,6,4,5,6,5,6,6,6,7,5,5,7,5,6,8,5,7,5,5,7,5,5,7,5,5,8,5,6,7,5,6,6,5,6,5,7,7,6,5,7,5,6,7,5,6,6,6,4,4,6,6,6,6,6,6,6,7,7,7
VIEW-04 raw debug planes_as_rgba_upload 720x480 buffer: 482,553,340,567,563,504,556,543,498,764,570,458,700,528,485,691,503,608,550,540,583,583,536,681,538,453,811,629,492,698,521,569,564,526,615,555,540,772,601,475,732,554,498,741,556,570,576,535,387,505,566,527,593,509,574,563,606,712,584,541
VIEW-04 raw debug planes_as_rgba_upload 720x480 codec: 63,70,44,62,65,61,74,64,62,74,65,57,85,65,62,81,69,94,64,64,77,63,65,84,60,58,95,69,60,84,66,74,67,69,78,61,66,88,71,63,84,66,61,85,69,80,75,67,75,55,64,70,69,64,66,70,73,82,74,72
VIEW-04 raw debug planes_as_rgba_upload 720x480 image: 4202,4960,3486,4451,3886,4076,4662,3976,4051,4554,5927,4089,5013,3899,4691,4635,3757,4332,4404,4089,4617,4374,3909,3150,4835,3786,5024,4093,4909,4245,3941,4503,4301,4069,5201,3721,3873,5265,6322,4305,4345,4281,5053,4326,3834,5366,2843,3928,2300,2153,4027,4226,3619,5964,4628,4036,3150,3857,3845,4479
VIEW-04 raw debug planes_as_rgba_upload 720x480 show: 27781,24762,31823,26955,28543,30247,24485,29974,29677,24375,25827,32679,23337,29041,30176,24553,31244,24107,28190,30480,25097,28692,29625,24749,25880,34339,24875,28285,29131,25313,30367,25822,28543,31061,22831,29198,30791,24121,25237,30817,25530,27932,29390,26057,30076,24577,29033,26478,28754,33161,32604,23777,28180,26438,27349,30481,29502,25107,31033,25656
VIEW-04 raw debug planes_as_rgba_upload 720x480 total: 32533,30351,35697,32040,33063,34893,29783,34563,34294,29774,32394,37288,29142,33538,35420,29968,35578,29148,33213,35178,30381,33717,34140,28671,31318,38641,30813,33081,34598,30347,34900,30974,33481,35730,28731,33540,35277,30253,32237,35665,30698,32838,35008,31216,34540,30599,32533,31014,31520,35878,37267,28606,32467,32981,32623,35156,33337,29765,35543,30755
VIEW-04 raw debug planes_as_rgba_upload 720x480 raster: 3269,2877,3101,3265,3200,3584,3073,3259,3788,3204,3075,3944,2989,3328,4214,3072,3727,3519,3147,3801,3529,3196,3820,2949,3280,4645,3351,2922,4160,3347,3309,3683,3482,3475,3287,3468,3921,3821,3310,4109,3331,3495,4119,3277,3990,3472,3060,2422,2771,3309,3720,3471,3636,3615,3464,3490,3932,3540,3621,3384
VIEW-04 result: {"card":"VIEW-04","build_mode":"debug","scenario":"bgra_path","width":1920,"height":1080,"samples":60,"texture_width":1920,"texture_height":1080,"texture_bytes":8294400,"convert_median_ms":54.662,"convert_p90_ms":60.715,"buffer_median_ms":3.764,"buffer_p90_ms":3.844,"codec_median_ms":0.06,"codec_p90_ms":0.07,"image_median_ms":26.613,"image_p90_ms":29.176,"show_median_ms":27.656,"show_p90_ms":30.119,"total_median_ms":114.591,"total_p90_ms":116.192,"frame_timings_in_window":60,"raster_median_ms":2.417,"raster_p90_ms":2.633,"build_median_ms":10.414}
VIEW-04 raw debug bgra_path 1920x1080 convert: 54451,55482,54293,55153,54297,55645,54341,54628,66178,74875,55075,54561,54354,55624,54928,55600,54924,54573,56462,54283,54869,54367,54424,66332,60715,62913,64716,54588,54533,54471,53928,54566,56257,54734,54830,54451,54498,55366,54318,54696,54388,54662,54477,54320,54295,56230,55774,54922,54283,54442,55085,54308,54188,54733,54505,66044,59195,54537,54363,55045
VIEW-04 raw debug bgra_path 1920x1080 buffer: 3741,3874,3788,3793,3764,3770,3802,3774,4255,3819,3767,3723,3748,3734,3765,3753,3764,3754,3776,3688,3766,3746,3779,4420,3763,4307,3719,3733,3710,3784,3709,3768,3763,3716,3741,3783,3697,3714,3733,3736,3828,3789,3844,3774,3747,3834,3733,3767,3727,3802,3748,3751,3729,3748,3752,4404,3821,3741,3844,3747
VIEW-04 raw debug bgra_path 1920x1080 codec: 70,59,59,61,59,59,67,60,60,61,60,60,61,62,60,58,60,62,60,89,60,62,69,71,60,58,60,70,60,60,58,60,59,59,74,61,59,60,60,61,59,60,60,60,61,59,59,71,58,61,75,58,58,61,62,61,61,74,61,60
VIEW-04 raw debug bgra_path 1920x1080 image: 26006,29413,26763,28697,26613,27718,25025,26416,33926,27059,26325,29176,26794,25870,26103,27367,26907,28922,26304,26416,29027,25778,26972,30567,26192,31290,27091,23732,26109,28929,26095,28871,26028,26270,26802,25937,25650,27663,28720,28501,25203,26606,26140,27148,27310,26008,26612,26142,28912,26260,26556,30072,27609,26007,26126,31062,26428,25716,28186,26472
VIEW-04 raw debug bgra_path 1920x1080 show: 28922,27364,29204,28435,29662,27657,23998,20776,33961,25425,24624,27013,29801,30119,31061,27873,28936,27640,27908,22915,23748,30969,24187,15074,22723,18693,25166,27656,29761,27375,22677,27134,26363,27488,28289,30993,22917,25752,22887,28344,22918,26885,27004,28071,29274,28728,28901,30462,28438,30084,29500,26698,29498,23849,20109,15722,25080,30966,27932,29617
VIEW-04 raw debug bgra_path 1920x1080 total: 113190,116192,114107,116139,114395,114849,107233,105654,138380,131239,109851,114533,114758,115409,115917,114651,114591,114951,114510,107391,111470,114922,109431,116464,113453,117261,120752,109779,114173,114619,106467,114399,112470,112267,113736,115225,106821,112555,109718,115338,106396,112002,111525,113373,114687,114859,115079,115364,115418,114649,114964,114887,115082,108398,104554,117293,114585,115034,114386,114941
VIEW-04 raw debug bgra_path 1920x1080 raster: 2453,2436,2216,2296,2545,2460,2587,2417,3941,2588,2489,2278,2476,2316,2314,2325,2391,2432,2287,2633,2147,2269,2322,3503,2296,2865,2531,2432,2259,2377,2479,2458,2410,2308,2355,2955,2547,2458,2479,2356,2504,2667,2300,2315,2466,2310,2318,2337,4014,2249,2298,2344,2413,2592,2277,2565,2557,2435,2251,2190
VIEW-04 result: {"card":"VIEW-04","build_mode":"debug","scenario":"redraw_same_image","width":1920,"height":1080,"samples":60,"show_median_ms":32.874,"show_p90_ms":36.703,"frame_timings_in_window":60,"raster_median_ms":3.167,"raster_p90_ms":3.692,"build_median_ms":19.484}
VIEW-04 raw debug redraw_same_image 1920x1080 show: 31055,34494,33838,31587,31587,37216,28397,35224,31926,32141,33329,35670,29685,34870,30485,32339,36703,30267,32745,34533,32164,32564,34713,31466,32555,34799,26556,34876,34955,32329,32954,36745,27084,39267,27300,34048,36084,29010,35998,29492,34247,31105,37479,28120,33576,37117,29260,37061,27817,34664,32874,31090,33716,35115,31268,32107,35490,30083,33804,29687
VIEW-04 raw debug redraw_same_image 1920x1080 raster: 3185,3162,2643,3139,3051,3263,3422,3137,3525,3395,3170,3629,3105,3015,3167,2997,3398,3224,2931,3514,3692,2903,3938,3202,2830,3648,2630,3005,3151,3164,2857,4158,3034,3421,3203,3042,3474,3154,3033,2980,3573,3021,4133,3011,3028,3867,3190,3527,2962,2967,3517,3205,3066,4027,3040,3176,4186,3162,3096,3246
VIEW-04 result: {"card":"VIEW-04","build_mode":"debug","scenario":"planes_as_rgba_upload","width":1920,"height":1080,"samples":60,"texture_width":480,"texture_height":1620,"texture_bytes":3110400,"convert_median_ms":0.007,"convert_p90_ms":0.008,"buffer_median_ms":3.132,"buffer_p90_ms":3.494,"codec_median_ms":0.098,"codec_p90_ms":0.113,"image_median_ms":15.992,"image_p90_ms":19.19,"show_median_ms":30.376,"show_p90_ms":33.894,"total_median_ms":49.152,"total_p90_ms":52.477,"frame_timings_in_window":60,"raster_median_ms":3.979,"raster_p90_ms":4.458,"build_median_ms":18.786}
VIEW-04 raw debug planes_as_rgba_upload 1920x1080 convert: 6,6,6,7,7,6,8,7,7,7,7,6,7,6,7,6,5,8,7,8,7,7,7,9,6,8,7,8,6,7,7,7,7,6,3,5,6,6,6,7,7,6,6,6,6,5,9,7,8,8,7,7,7,5,5,5,5,6,6,6
VIEW-04 raw debug planes_as_rgba_upload 1920x1080 buffer: 2902,3115,3022,3081,3368,3036,3464,3108,3437,3163,3819,2675,3694,2848,3409,2812,2316,2910,3227,3132,3235,3613,2795,3535,2783,3352,2741,3372,2660,3206,2703,3673,3120,3134,1536,2071,2337,3401,2727,3439,2916,3164,3218,3159,3441,3179,3182,3031,3654,3494,2926,3201,3170,2460,2338,2533,2129,3092,3106,3315
VIEW-04 raw debug planes_as_rgba_upload 1920x1080 codec: 114,102,102,112,88,93,90,89,107,102,107,104,101,99,98,97,79,98,98,90,99,91,92,103,109,100,91,95,94,97,113,104,104,100,79,78,81,151,118,90,81,87,78,85,200,87,113,113,112,119,103,93,96,81,115,76,75,96,86,92
VIEW-04 raw debug planes_as_rgba_upload 1920x1080 image: 16208,16188,14203,18422,14191,15992,14419,16489,16220,16342,18580,16046,19940,16033,16999,16065,17940,16489,17034,15187,15949,19190,14858,17906,15144,17402,14962,16697,15623,15475,15275,16606,16594,18111,10877,8662,15879,13869,12730,14403,13112,13350,12746,16380,12877,16751,20001,20893,22167,30530,19396,15841,15723,12939,13037,12834,13340,12919,15460,13592
VIEW-04 raw debug planes_as_rgba_upload 1920x1080 show: 28631,31306,30850,26918,31140,31546,30601,29199,30278,28866,25387,32770,25410,30281,28683,25277,33838,29394,29864,30647,30004,25356,32163,27099,31497,29358,30845,29078,30376,30925,32456,27582,29477,25789,14277,27315,34174,30820,33894,30847,32059,33535,32992,29950,32150,34283,44122,40278,41175,29456,23322,31319,24808,16583,17207,18413,19069,34008,30508,32177
VIEW-04 raw debug planes_as_rgba_upload 1920x1080 total: 47861,50717,48183,48540,48794,50673,48582,48892,50049,48480,47900,51601,49152,49267,49196,44257,54178,48899,50230,49064,49294,48257,49915,48652,49539,50220,48646,49250,48759,49710,50554,47972,49302,47140,26772,38131,52477,48247,49475,48786,48175,50142,49040,49580,48674,54305,67427,64322,67116,63607,45754,50461,43804,32068,32702,33861,34618,50121,49166,49182
VIEW-04 raw debug planes_as_rgba_upload 1920x1080 raster: 3492,4072,4087,4402,4095,4398,4119,4247,4071,4463,3753,4395,3905,4204,4015,3149,4062,4044,6099,4212,4458,3835,4430,3698,4300,3750,4193,3660,4102,3793,4280,3948,4156,2225,2917,3269,3838,3549,3979,3715,3691,5073,3717,4134,3683,4621,4265,4595,4766,3910,3966,3912,3232,2926,3069,2899,3398,3658,3525,3419
VIEW-04 done mode=debug
