[IMPORTANT:flutter/shell/platform/android/android_context_vk_impeller.cc(62)] Using the Impeller rendering backend (Vulkan).
[IMPORTANT:flutter/shell/platform/android/android_context_gl_impeller.cc(104)] Using the Impeller rendering backend (OpenGLES).
VIEW-04 result: {"card":"VIEW-04","build_mode":"profile","scenario":"bgra_path","width":720,"height":480,"samples":60,"texture_width":720,"texture_height":480,"texture_bytes":1382400,"convert_median_ms":9.259,"convert_p90_ms":10.454,"buffer_median_ms":0.829,"buffer_p90_ms":1.206,"codec_median_ms":0.017,"codec_p90_ms":0.02,"image_median_ms":4.134,"image_p90_ms":5.108,"show_median_ms":3.095,"show_p90_ms":17.434,"total_median_ms":16.484,"total_p90_ms":32.954,"frame_timings_in_window":60,"raster_median_ms":1.671,"raster_p90_ms":1.82,"build_median_ms":0.613}
VIEW-04 raw profile bgra_path 720x480 convert: 8436,11894,11926,13114,13903,8735,9442,11810,8925,10454,9250,8777,10294,8923,9081,10483,9368,8818,9799,8409,9408,8386,9661,8450,9729,8413,9259,9606,8403,9524,8405,8404,9653,8373,8419,9661,8418,9467,8340,9726,10284,9348,9126,9720,8369,9366,8370,8417,9692,8372,8396,9633,8415,9441,8397,8475,9689,8371,8662,9699
VIEW-04 raw profile bgra_path 720x480 buffer: 1468,863,1377,938,940,663,792,1470,921,781,1623,656,830,1178,695,714,1229,818,791,1156,828,1145,680,1146,669,1154,647,683,1167,786,1179,650,677,1171,662,755,1163,781,1117,749,815,1202,884,707,1206,830,1107,702,829,1142,646,805,1106,676,1158,642,796,1218,738,690
VIEW-04 raw profile bgra_path 720x480 codec: 15,20,16,17,20,16,18,18,15,17,15,17,17,16,16,18,15,18,18,15,24,22,26,14,17,14,16,19,15,18,15,16,18,16,17,16,16,17,15,18,17,15,18,18,27,23,17,15,17,14,15,16,14,18,15,15,17,16,15,18
VIEW-04 raw profile bgra_path 720x480 image: 5900,3608,4979,4435,4675,3377,4605,5221,3362,4268,5580,3878,4577,5108,3586,4106,4829,3748,4010,4796,3840,4759,4018,4981,4052,5327,3386,4134,4661,3907,4713,3146,4040,4763,3062,3922,4602,4038,4873,3183,3891,5585,3979,3836,4800,3924,4859,2962,4323,5493,2888,3759,4565,4068,4812,3184,3912,5030,3192,4527
VIEW-04 raw profile bgra_path 720x480 show: 17270,16464,14855,14302,13222,3638,18269,14248,3172,17434,16419,3073,17341,17567,3106,17636,17266,3137,1683,2209,2184,2163,2006,1928,1900,1581,3150,1963,2232,2167,3095,3386,1952,2869,3664,1935,2292,2996,17790,2717,18003,16685,2378,2107,2063,2272,3099,3377,1500,2285,3700,2182,2384,2173,3264,3009,1954,2433,3414,17916
VIEW-04 raw profile bgra_path 720x480 total: 33089,32849,33153,32806,32760,16429,33126,32767,16395,32954,32887,16401,33059,32792,16484,32957,32707,16539,16301,16585,16284,16475,16391,16519,16367,16489,16458,16405,16478,16402,17407,15602,16340,17192,15824,16289,16491,17299,32135,16393,33010,32835,16385,16388,16465,16415,17452,15473,16361,17306,15645,16395,16484,16376,17646,15325,16368,17068,16021,32850
VIEW-04 raw profile bgra_path 720x480 raster: 1732,1803,1553,1810,1631,1703,1825,1791,1700,1763,1739,1773,1818,1663,1787,1634,1312,1747,1481,1608,1500,1651,1467,1671,1512,1679,1765,1428,1620,1442,1827,1722,1432,1662,1788,1510,1657,1485,1861,1820,1914,1723,1776,1467,1603,1439,1707,1666,1417,1639,1674,1440,1621,1389,2092,1597,1218,1771,1728,1821
VIEW-04 result: {"card":"VIEW-04","build_mode":"profile","scenario":"redraw_same_image","width":720,"height":480,"samples":60,"show_median_ms":16.439,"show_p90_ms":17.079,"frame_timings_in_window":60,"raster_median_ms":16.333,"raster_p90_ms":17.4,"build_median_ms":3.607}
VIEW-04 raw profile redraw_same_image 720x480 show: 16371,16351,16021,17201,16235,16662,16385,15908,16986,16019,16735,15885,16207,16532,16394,16710,16637,17393,15997,15766,17256,16198,16607,16451,15923,16546,16585,16071,17361,16503,15930,16405,16733,16035,16946,16339,15842,17126,16138,16849,16403,16067,16514,16497,16439,16503,15878,17183,16586,16376,15984,17079,16056,16779,16421,15904,16492,16080,16490,16522
VIEW-04 raw profile redraw_same_image 720x480 raster: 16326,15764,17404,15494,16778,16737,16702,14758,17770,14688,16438,16445,16333,15956,17049,16303,16746,16557,15093,17454,16257,15702,16302,16668,15736,16529,17421,15336,17015,15355,15695,17439,15536,17050,16064,15501,17222,16541,15720,16834,16494,15027,16175,17503,15596,16608,15604,16414,17303,15503,17400,15264,16292,16899,16197,16018,16488,17030,15195,15230
VIEW-04 result: {"card":"VIEW-04","build_mode":"profile","scenario":"planes_as_rgba_upload","width":720,"height":480,"samples":60,"texture_width":180,"texture_height":720,"texture_bytes":518400,"convert_median_ms":0.001,"convert_p90_ms":0.002,"buffer_median_ms":0.639,"buffer_p90_ms":0.702,"codec_median_ms":0.025,"codec_p90_ms":0.03,"image_median_ms":3.837,"image_p90_ms":4.119,"show_median_ms":11.972,"show_p90_ms":12.453,"total_median_ms":16.405,"total_p90_ms":16.753,"frame_timings_in_window":60,"raster_median_ms":4.514,"raster_p90_ms":4.692,"build_median_ms":3.84}
VIEW-04 raw profile planes_as_rgba_upload 720x480 convert: 2,2,1,2,2,1,1,1,2,2,2,1,1,2,1,1,2,1,1,1,1,1,1,1,2,1,1,1,1,1,1,1,1,1,2,1,1,1,1,1,1,1,2,1,1,1,1,1,1,1,2,1,1,2,2,1,1,1,1,1
VIEW-04 raw profile planes_as_rgba_upload 720x480 buffer: 608,634,621,625,640,633,628,640,641,742,782,830,702,659,632,651,637,644,654,630,471,551,585,636,632,654,660,639,637,680,605,635,643,616,636,619,605,631,632,638,660,604,770,659,606,398,614,659,653,651,628,655,644,614,650,789,685,652,703,645
VIEW-04 raw profile planes_as_rgba_upload 720x480 codec: 25,26,27,27,28,27,32,26,23,32,27,26,28,26,27,28,31,26,34,25,19,21,20,30,22,22,24,23,31,25,24,25,23,25,26,24,22,23,23,25,25,24,30,24,22,22,23,25,24,23,23,23,25,23,25,24,24,26,27,27
VIEW-04 raw profile planes_as_rgba_upload 720x480 image: 3686,3760,3793,4014,3958,4276,3935,3453,3949,3840,3693,3855,3937,3878,3804,4012,3818,4119,4019,6338,3138,3374,3364,3727,3555,4163,3933,3959,3601,3526,3654,3907,3978,3706,4575,3344,3697,4019,3660,3724,3966,3995,3903,3688,4039,2915,3289,3689,3969,4126,5587,3837,3673,3567,3775,3487,3527,3735,3885,3933
VIEW-04 raw profile planes_as_rgba_upload 720x480 show: 12259,11995,12228,11677,11640,11378,11901,12188,12138,11694,11700,12010,11745,11508,12258,11659,12179,11514,11320,8919,12495,13014,13017,12055,12189,11734,11568,11918,12300,12178,12281,11768,11549,12453,10964,12467,12221,11694,12149,11972,11327,12496,11546,11402,11213,14136,12444,12412,11758,11309,10469,11784,11957,12390,11690,12360,12146,12092,11981,11669
VIEW-04 raw profile planes_as_rgba_upload 720x480 total: 16580,16417,16670,16345,16268,16315,16497,16308,16753,16310,16204,16722,16413,16073,16722,16351,16667,16304,16028,15913,16124,16961,16987,16449,16400,16574,16186,16540,16570,16410,16565,16336,16194,16801,16203,16455,16546,16368,16465,16360,15979,17120,16251,15774,15881,17472,16371,16786,16405,16110,16709,16300,16300,16596,16142,16661,16383,16506,16597,16275
VIEW-04 raw profile planes_as_rgba_upload 720x480 raster: 4483,4361,4457,4540,4699,4362,4179,4312,4393,4369,4466,4566,4315,4521,4301,4653,4580,4692,5188,3611,3673,4354,4723,4505,4490,4649,4388,4506,4571,4306,4572,4560,4712,4302,4291,4648,4473,4331,4514,4359,4578,5070,4606,4299,3361,4279,4412,4514,4536,4685,4590,4215,4629,4851,4538,4537,4652,4591,4681,4323
VIEW-04 result: {"card":"VIEW-04","build_mode":"profile","scenario":"bgra_path","width":1920,"height":1080,"samples":60,"texture_width":1920,"texture_height":1080,"texture_bytes":8294400,"convert_median_ms":79.323,"convert_p90_ms":83.601,"buffer_median_ms":5.679,"buffer_p90_ms":6.082,"codec_median_ms":0.024,"codec_p90_ms":0.028,"image_median_ms":30.112,"image_p90_ms":31.712,"show_median_ms":14.33,"show_p90_ms":20.382,"total_median_ms":131.105,"total_p90_ms":132.695,"frame_timings_in_window":60,"raster_median_ms":3.373,"raster_p90_ms":3.951,"build_median_ms":2.392}
VIEW-04 raw profile bgra_path 1920x1080 convert: 83199,79319,78357,86647,80469,78477,81706,71611,70718,66871,78948,83601,80309,71306,54281,61950,83018,78693,80453,83405,79158,81286,68195,60672,82970,74847,81103,80658,79323,78700,84426,82635,70921,75584,81571,85075,77038,86185,82108,81887,80954,82600,66956,80622,77749,88468,81351,74141,82592,71009,70506,63024,73679,67792,77688,80213,75214,86266,77518,79934
VIEW-04 raw profile bgra_path 1920x1080 buffer: 5523,5345,6102,5718,5663,5220,6001,5588,5555,5641,5690,6053,5679,5296,5665,5988,5818,5581,5313,5631,5642,5434,5296,5931,6086,5661,5237,5614,5899,6064,5720,5593,6120,5691,5939,5930,5963,6127,5372,5355,5229,6082,5855,5960,5939,6136,5791,6020,5544,5678,5251,5605,4561,4588,6144,5388,5552,5949,5870,5715
VIEW-04 raw profile bgra_path 1920x1080 codec: 26,25,24,24,24,23,25,27,21,23,24,21,23,25,33,31,28,22,25,24,23,26,26,25,24,22,39,23,24,24,23,22,28,23,21,36,24,21,24,24,22,23,20,23,22,23,29,23,21,27,38,21,17,19,24,27,22,23,20,24
VIEW-04 raw profile bgra_path 1920x1080 image: 32363,30248,28184,30070,30395,31733,29005,26326,27668,29783,30112,30350,28870,25585,30255,29851,30946,27150,30687,30242,31059,31934,32850,31047,31712,28874,31115,26440,30977,29212,29444,28866,32720,32269,28309,29209,27508,28618,30551,29967,30654,30209,28390,30669,28728,30738,30583,29949,29013,30662,30134,28513,29416,28809,31011,30310,29597,26166,28906,31377
VIEW-04 raw profile bgra_path 1920x1080 show: 9207,17024,20279,7389,15082,17217,13810,11522,11184,12816,16764,11961,16606,12117,8749,19034,10193,21249,14330,12657,15811,12157,8541,19089,9645,22630,13747,18958,14882,17288,13400,12943,22011,17815,16487,9803,22488,10579,12599,14087,15545,11805,14645,13572,20382,6037,13114,22842,12413,8006,9028,18310,6955,15447,16394,14896,22675,11305,19544,14816
VIEW-04 raw profile bgra_path 1920x1080 total: 130318,131961,132946,129848,131633,132670,130547,115074,115146,115134,131538,131986,131487,114329,98983,116854,130003,132695,130808,131959,131693,130837,114908,116764,130437,132034,131241,131693,131105,131288,133013,130059,131800,131382,132327,130053,133021,131530,130654,131320,132404,130719,115866,130846,132820,131402,130868,132975,129583,115382,114957,115473,114628,116655,131261,130834,133060,129709,131858,131866
VIEW-04 raw profile bgra_path 1920x1080 raster: 3465,3248,4005,2798,3791,3750,2880,2697,2790,3126,3586,3664,2941,2225,2557,3580,2726,3621,3265,3654,3886,2613,2421,4034,2777,3767,3131,3979,3567,3446,3567,2647,3051,3364,3435,3026,3531,3509,2981,3627,3957,2739,3373,2891,4034,3410,2810,3695,2640,2706,2609,2970,2521,3583,3951,2752,3963,2287,3868,3677
VIEW-04 result: {"card":"VIEW-04","build_mode":"profile","scenario":"redraw_same_image","width":1920,"height":1080,"samples":60,"show_median_ms":16.564,"show_p90_ms":17.137,"frame_timings_in_window":60,"raster_median_ms":5.541,"raster_p90_ms":6.459,"build_median_ms":4.916}
VIEW-04 raw profile redraw_same_image 1920x1080 show: 16231,16713,16490,16044,16703,16789,16180,17165,15075,17337,16539,15796,16837,16699,15505,17043,16377,16731,16361,16308,16286,17312,15215,17354,16775,14990,17337,16819,15422,17194,16443,16049,16596,16841,15959,16794,16064,16601,17137,15109,17098,16977,15329,16835,17018,15737,16671,16564,16345,16434,16316,16518,16956,15387,17062,16925,15573,16877,15868,16341
VIEW-04 raw profile redraw_same_image 1920x1080 raster: 5550,5626,6156,5724,5768,5880,5344,5160,7098,5168,4933,6740,5460,5658,5998,5274,5986,4924,5730,6459,5120,4959,6995,4880,5180,6979,5186,5611,6434,5304,5667,5408,5603,5839,5529,5187,6346,5269,5178,6299,5362,4715,7103,5571,5215,5431,5819,5280,5097,4907,6304,5465,5420,6819,5373,5533,6318,5541,5439,5649
VIEW-04 result: {"card":"VIEW-04","build_mode":"profile","scenario":"planes_as_rgba_upload","width":1920,"height":1080,"samples":60,"texture_width":480,"texture_height":1620,"texture_bytes":3110400,"convert_median_ms":0.001,"convert_p90_ms":0.001,"buffer_median_ms":3.263,"buffer_p90_ms":3.358,"codec_median_ms":0.03,"codec_p90_ms":0.037,"image_median_ms":15.719,"image_p90_ms":17.964,"show_median_ms":13.241,"show_p90_ms":14.541,"total_median_ms":32.834,"total_p90_ms":33.243,"frame_timings_in_window":60,"raster_median_ms":4.31,"raster_p90_ms":4.503,"build_median_ms":4.408}
VIEW-04 raw profile planes_as_rgba_upload 1920x1080 convert: 1,1,1,1,1,1,1,1,1,1,1,1,1,1,1,1,1,1,1,1,1,1,1,1,1,1,1,1,1,1,1,1,1,1,1,1,1,1,1,1,1,1,1,1,1,1,1,1,1,1,0,0,0,0,0,0,0,0,0,0
VIEW-04 raw profile planes_as_rgba_upload 1920x1080 buffer: 3601,3335,3350,3227,3250,3358,3389,3395,3348,3296,3263,3320,3323,3358,3266,3239,3329,3311,3192,3230,3227,3255,3154,3197,3229,3280,3314,3361,3304,3257,3279,3403,3270,3288,3275,3159,3227,3249,3271,3295,3235,3256,3277,3232,3223,3334,3226,3279,3334,1817,1659,1341,1212,1379,1322,1360,1287,1303,1253,1475
VIEW-04 raw profile planes_as_rgba_upload 1920x1080 codec: 34,60,28,37,30,48,35,28,35,29,32,27,33,26,33,27,27,30,25,31,26,29,26,24,37,26,36,26,33,31,52,34,30,32,30,33,31,42,33,30,27,37,32,32,44,35,35,29,30,16,16,14,13,15,14,14,15,12,11,15
VIEW-04 raw profile planes_as_rgba_upload 1920x1080 image: 21153,18650,16629,16653,16811,16099,15719,16054,16921,15666,17964,16858,15593,22948,16885,17029,15239,15723,16649,15046,16462,18351,19234,15439,15453,15099,16403,15019,17802,16015,15038,15293,15838,15486,15207,15636,15334,16469,15393,16386,15160,15443,15420,16360,15200,19191,16998,16215,16580,10185,8502,9272,10685,11672,9477,13118,10365,9647,10327,12127
VIEW-04 raw profile planes_as_rgba_upload 1920x1080 show: 21857,10721,12467,13125,12979,13441,13897,13340,11932,14048,11876,12643,14076,23510,11853,12365,14274,13771,13176,14635,13202,11333,9902,14605,14153,14647,13104,14327,11495,13870,14338,14061,14104,13704,14419,14446,13963,13006,14304,13068,14541,14023,14071,13374,14366,10010,13009,13241,20552,10712,6229,5615,5182,4444,5069,3059,3392,4683,5389,4477
VIEW-04 raw profile planes_as_rgba_upload 1920x1080 total: 46646,32767,32475,33043,33071,32947,33041,32818,32237,33040,33136,32849,33026,49843,32038,32661,32870,32836,33043,32943,32918,32969,32317,33266,32873,33053,32858,32734,32635,33174,32708,32792,33243,32511,32932,33275,32556,32767,33002,32780,32964,32760,32801,32999,32834,32571,33269,32765,40497,22731,16406,16242,17092,17510,15882,17551,15059,15645,16980,18094
VIEW-04 raw profile planes_as_rgba_upload 1920x1080 raster: 4139,4555,4352,4234,4389,4535,4495,4544,4475,8268,4544,4414,5281,4434,4432,4290,4399,4254,4359,4336,4285,4408,4432,4356,4030,4503,4306,4011,4230,4403,4113,4269,4486,4027,4224,4310,4174,4367,4332,4005,4382,4392,4013,4342,4386,3867,4248,4341,2752,2474,2086,2203,2521,2469,2827,2794,2669,2532,3042,2668
VIEW-04 done mode=profile
