[IMPORTANT:flutter/shell/platform/android/android_context_vk_impeller.cc(62)] Using the Impeller rendering backend (Vulkan).
[IMPORTANT:flutter/shell/platform/android/android_context_gl_impeller.cc(104)] Using the Impeller rendering backend (OpenGLES).
VIEW-04 result: {"card":"VIEW-04","build_mode":"release","scenario":"bgra_path","width":720,"height":480,"samples":60,"texture_width":720,"texture_height":480,"texture_bytes":1382400,"convert_median_ms":2.621,"convert_p90_ms":5.88,"buffer_median_ms":0.793,"buffer_p90_ms":1.084,"codec_median_ms":0.018,"codec_p90_ms":0.021,"image_median_ms":3.676,"image_p90_ms":4.801,"show_median_ms":9.263,"show_p90_ms":10.223,"total_median_ms":16.43,"total_p90_ms":16.69,"frame_timings_in_window":50,"raster_median_ms":1.627,"raster_p90_ms":2.0,"build_median_ms":0.524}
VIEW-04 raw release bgra_path 720x480 convert: 6845,6573,4209,6213,5934,6044,5880,5625,5188,6063,5412,2818,2602,2477,2629,2483,2621,2782,2673,2426,2814,2755,2565,2368,2360,2544,2730,2488,2633,2494,2561,2831,2503,2461,2568,2514,2801,2780,2363,2619,2846,2451,2777,2460,2459,2557,2496,2595,2828,2466,2518,2619,2504,2544,2430,2753,2843,2749,2493,2876
VIEW-04 raw release bgra_path 720x480 buffer: 1256,1301,1057,1083,1149,1190,1084,1116,1059,1118,933,705,738,672,732,674,730,793,749,708,854,844,701,762,704,765,835,688,805,690,738,835,728,676,744,687,863,796,719,919,980,678,853,794,669,729,710,726,871,684,799,726,741,814,663,904,910,808,724,865
VIEW-04 raw release bgra_path 720x480 codec: 21,22,19,21,21,22,19,21,19,21,16,16,16,15,15,16,16,16,15,15,20,19,17,15,15,16,18,19,16,19,15,26,16,16,20,15,26,17,15,21,17,15,21,16,16,18,21,17,25,19,17,16,20,15,19,21,20,21,15,21
VIEW-04 raw release bgra_path 720x480 image: 4891,4530,4505,4413,4219,4837,4529,4615,4451,4676,4424,3588,4043,3369,3539,3376,3755,3452,3533,3677,5518,6455,3634,4084,4045,4837,5435,4801,4606,3517,3278,4413,3332,3149,3362,2940,3804,3223,3047,3845,3222,2981,3676,3258,3098,3283,3204,3139,3807,3150,3470,3444,4055,3113,3084,3856,3646,3304,3211,3889
VIEW-04 raw release bgra_path 720x480 show: 3423,3807,6828,4721,5026,4334,4934,5024,5831,4505,6259,8338,9040,9890,9477,9908,9371,9309,9480,9805,7228,6877,8823,9263,9238,8395,7272,8408,8359,9758,10032,8056,9844,10165,9701,10614,8813,9432,10241,9268,9130,10522,9924,8816,10241,9815,10005,10223,8753,10087,9557,9685,9121,9871,10494,8896,8935,9350,10269,8503
VIEW-04 raw release bgra_path 720x480 total: 16436,16233,16618,16451,16349,16427,16446,16401,16548,16383,17044,15465,16439,16423,16392,16457,16493,16352,16450,16631,16434,16950,15740,16492,16362,16557,16290,16404,16419,16478,16624,16161,16423,16467,16395,16770,16307,16248,16385,16672,16195,16647,17251,15344,16483,16402,16436,16700,16284,16406,16361,16490,16441,16357,16690,16430,16354,16232,16712,16154
VIEW-04 raw release bgra_path 720x480 raster: 1934,1848,1792,2057,2168,1984,2176,2032,2026,1942,1764,1371,1623,1612,1542,1610,1706,1378,1545,1894,1866,1849,1502,1502,1565,1734,1627,1703,1556,1625,1835,1596,1540,1575,1540,1876,1695,1522,1553,1955,1627,1953,1453,1527,1694,1546,1560,2000,1354,1609
VIEW-04 result: {"card":"VIEW-04","build_mode":"release","scenario":"redraw_same_image","width":720,"height":480,"samples":60,"show_median_ms":16.413,"show_p90_ms":16.788,"frame_timings_in_window":60,"raster_median_ms":16.272,"raster_p90_ms":17.023,"build_median_ms":3.253}
VIEW-04 raw release redraw_same_image 720x480 show: 15918,16371,16772,16003,16475,16369,16025,17062,16174,16241,16713,16388,16518,16673,16040,16325,16945,16140,16845,16044,16366,16688,16704,16328,16147,16413,16788,15892,17032,15899,16757,15967,16331,17148,16349,16698,16032,16439,16696,16649,16226,16096,16366,16468,16759,16135,16545,16793,16322,16265,16305,16645,16485,16629,16029,16463,16660,16437,15851,16682
VIEW-04 raw release redraw_same_image 720x480 raster: 16523,15972,17008,15200,15630,18467,13943,16169,15814,16825,17526,15769,16853,16633,15388,16415,16881,16037,15756,16604,16771,16087,17005,15582,17030,15472,15445,17968,15046,16241,15961,16746,16637,16101,17005,16191,15934,16246,17709,15069,16272,17122,15427,16496,17023,15724,16461,16468,15953,16273,16141,16464,16507,16149,16797,15567,16732,15906,16692,15226
VIEW-04 result: {"card":"VIEW-04","build_mode":"release","scenario":"planes_as_rgba_upload","width":720,"height":480,"samples":60,"texture_width":180,"texture_height":720,"texture_bytes":518400,"convert_median_ms":0.001,"convert_p90_ms":0.001,"buffer_median_ms":0.628,"buffer_p90_ms":0.681,"codec_median_ms":0.023,"codec_p90_ms":0.026,"image_median_ms":3.698,"image_p90_ms":4.124,"show_median_ms":12.066,"show_p90_ms":12.559,"total_median_ms":16.422,"total_p90_ms":16.64,"frame_timings_in_window":33,"raster_median_ms":4.21,"raster_p90_ms":4.514,"build_median_ms":3.531}
VIEW-04 raw release planes_as_rgba_upload 720x480 convert: 1,1,1,1,1,1,1,1,1,1,1,1,1,1,1,1,1,2,1,1,2,1,1,1,1,1,1,1,1,1,1,1,2,1,1,1,1,1,1,1,1,1,1,1,1,1,1,1,1,1,1,1,1,0,1,1,1,1,1,1
VIEW-04 raw release planes_as_rgba_upload 720x480 buffer: 627,614,628,598,621,636,654,642,675,558,642,601,629,609,611,663,684,638,681,672,651,699,695,742,647,630,605,634,660,635,608,636,574,627,729,640,593,576,598,597,571,595,646,649,588,611,608,635,628,689,584,607,586,594,585,640,588,623,610,611
VIEW-04 raw release planes_as_rgba_upload 720x480 codec: 21,23,22,23,31,22,28,24,25,21,22,23,22,23,22,25,26,24,26,24,26,31,26,26,23,25,24,26,27,25,22,23,21,23,23,24,22,25,22,22,20,24,22,27,21,22,22,20,21,28,21,22,22,22,21,21,21,21,22,25
VIEW-04 raw release planes_as_rgba_upload 720x480 image: 4013,3964,3707,3774,3866,3926,3723,3787,3834,3583,4166,3434,3362,3779,3408,4119,4181,3569,3575,3872,3473,3563,3697,3457,3929,3510,3442,3975,5425,3692,2775,3759,3685,3831,3059,4730,3216,4273,3387,3719,3344,3452,3663,3646,4277,3447,3854,3105,4015,3331,3975,3698,4113,3006,3433,3619,3355,3821,3416,4124
VIEW-04 raw release planes_as_rgba_upload 720x480 show: 11663,11769,12127,12007,12084,11840,11706,12081,11637,12066,11609,12224,12559,11973,12646,11993,11569,12136,12204,11955,12092,11839,12270,12062,12025,12145,12252,11983,9749,12055,12973,12102,12171,11710,12760,10931,12544,11653,12522,11846,12486,12568,12055,11870,11535,12520,11635,12986,11632,12342,11720,12292,11371,13147,12404,12100,12544,11673,12479,11988
VIEW-04 raw release planes_as_rgba_upload 720x480 total: 16325,16371,16485,16403,16603,16425,16112,16535,16172,16229,16440,16283,16573,16385,16688,16801,16461,16369,16487,16524,16244,16133,16689,16288,16625,16311,16324,16619,15862,16408,16379,16521,16453,16192,16572,16326,16376,16528,16530,16185,16422,16640,16387,16193,16422,16601,16120,16747,16297,16391,16301,16620,16093,16769,16444,16381,16509,16139,16528,16749
VIEW-04 raw release planes_as_rgba_upload 720x480 raster: 4143,4306,4220,4203,4377,4518,4310,4330,3820,3685,3838,3713,3847,3958,4354,4210,4215,4166,4438,4271,4095,4334,4300,4514,4514,4098,4241,5100,3810,3923,3808,3710,4124
VIEW-04 result: {"card":"VIEW-04","build_mode":"release","scenario":"convert_control","width":720,"height":480,"samples":60,"on_source_median_ms":5.569,"on_source_p90_ms":6.276,"on_copy_median_ms":5.172,"on_copy_p90_ms":10.587,"on_oriented_copy_median_ms":6.406,"on_oriented_copy_p90_ms":6.79,"frame_timings_in_window":0,"raster_median_ms":0.0,"raster_p90_ms":0.0,"build_median_ms":0.0}
VIEW-04 raw release convert_control 720x480 on_source: 5322,5858,5598,5314,6007,4649,6057,5933,5480,5198,9948,4674,6221,5758,5504,7426,6494,4610,6022,5753,4603,5859,5613,4677,5816,5360,4317,5900,2687,4655,5367,5286,4528,5363,5894,4534,5540,5476,4540,5569,5463,4560,6173,6110,4762,6609,5860,5300,6274,5725,4670,6834,5340,4649,5784,5623,4697,6942,6276,5745
VIEW-04 raw release convert_control 720x480 on_copy: 4555,3823,11325,5160,4908,10490,4987,5966,11186,6785,5058,9653,5537,4834,9165,4953,4969,11175,5166,5995,8144,4825,4017,12820,4944,4408,6920,3625,2945,10587,5426,5520,10851,5415,4087,10006,4778,4390,9812,4819,4889,9313,4775,4103,8950,4758,4743,9396,5172,5666,9839,3721,4152,10842,4821,5859,9792,4800,4834,9427
VIEW-04 raw release convert_control 720x480 on_oriented_copy: 5920,5642,5708,6406,6397,5957,6767,6790,6848,11420,5497,6095,6801,6320,6154,6806,6785,6203,6921,6191,5617,5685,5977,6043,6519,6730,3270,3152,5481,5599,6468,6387,5584,6688,6863,5869,6541,6619,5687,6532,6663,6005,6470,5776,5786,6695,6709,6249,6578,6604,6727,3673,6763,6691,6120,6668,6716,6634,6620,6278
VIEW-04 raw release convert_control 720x480 raster: 
VIEW-04 result: {"card":"VIEW-04","build_mode":"release","scenario":"full_path_cpu_orientation","width":720,"height":480,"samples":60,"orientation":"cpu","import_median_ms":0.713,"import_p90_ms":0.842,"rotate_median_ms":6.798,"rotate_p90_ms":7.778,"flip_median_ms":3.082,"flip_p90_ms":3.616,"convert_median_ms":3.519,"convert_p90_ms":3.936,"texture_median_ms":8.232,"texture_p90_ms":9.617,"work_median_ms":22.65,"work_p90_ms":25.283,"show_median_ms":10.595,"show_p90_ms":12.998,"total_median_ms":32.903,"total_p90_ms":33.463,"frame_timings_in_window":60,"raster_median_ms":2.807,"raster_p90_ms":3.068,"build_median_ms":2.223}
VIEW-04 raw release full_path_cpu_orientation 720x480 import: 770,682,544,857,761,566,749,701,628,673,796,792,842,609,655,871,676,756,801,543,676,742,743,713,787,679,837,678,618,864,708,800,826,544,749,785,548,704,829,650,725,634,615,828,641,650,775,690,672,807,610,743,629,737,862,846,678,853,644,671
VIEW-04 raw release full_path_cpu_orientation 720x480 rotate: 6419,6567,5347,7102,7432,5893,7315,6767,5716,6686,6820,6334,7204,7684,6327,8418,6249,6059,7608,5882,6642,6798,5997,7170,7592,6178,7887,7296,5854,8428,7393,6899,7586,6233,7543,7839,5532,7160,7725,6045,7185,6891,6004,7778,6642,6326,6909,6581,6171,8036,6165,6839,5450,5697,7744,7408,5756,8136,6745,6355
VIEW-04 raw release full_path_cpu_orientation 720x480 flip: 3086,2940,2620,3376,3653,3082,3463,2944,2221,3197,3056,2540,3294,3746,2969,3911,2709,2852,3443,3061,2805,2830,2638,3227,3368,2514,3571,3360,2781,3867,3247,3138,3203,2790,3616,3689,2258,3108,3140,2527,3248,3052,2794,3512,3064,3001,3185,2541,2554,3529,2835,2902,2489,3067,3377,3538,2558,3687,2948,3086
VIEW-04 raw release full_path_cpu_orientation 720x480 convert: 3267,3408,3101,3475,4181,3557,3804,3477,3120,3645,3353,3237,3740,4121,3519,3972,3130,3126,3936,3325,3501,3429,3570,3688,3912,3388,3788,3649,3133,3887,4024,3344,3833,3374,3701,4030,3325,3636,3842,3296,3655,3421,3308,3737,3543,3343,3541,3173,3297,4119,3014,3471,2850,3805,3730,3874,3126,3776,3512,3468
VIEW-04 raw release full_path_cpu_orientation 720x480 texture: 8016,7730,7584,10318,9347,8527,8932,9620,7978,7744,9123,7782,9170,8744,9412,10097,7983,6991,8064,7870,7549,8125,8576,9479,9257,9042,7810,8443,7704,9406,9582,8662,8105,8172,8338,9723,8221,9468,9824,7878,7432,7450,8183,10673,8189,7559,8029,8094,8236,8377,7376,8695,6500,9540,8232,9617,8095,7857,8985,6880
VIEW-04 raw release full_path_cpu_orientation 720x480 work: 21558,21327,19196,25128,25374,21625,24263,23509,19663,21945,23148,20685,24250,24904,22882,27269,20747,19784,23852,20681,21173,21924,21524,24277,24916,21801,23893,23426,20090,26452,24954,22843,23553,21113,23947,26066,19884,24076,25360,20396,22245,21448,20904,26528,22079,20879,22439,21079,20930,24868,20000,22650,17918,22846,23945,25283,20213,24309,22834,20460
VIEW-04 raw release full_path_cpu_orientation 720x480 show: 11345,10899,14491,7758,6938,11878,8768,8756,13591,10781,9695,12578,8182,8326,10258,6160,10874,13490,8404,12793,11841,10716,11503,8490,7770,11315,8941,9412,13285,5962,8130,10278,8463,12350,9242,5775,13687,8978,7092,12502,10595,11329,12441,5881,10950,12171,10058,11981,12692,7354,12998,10157,14271,10895,8625,7526,12732,8523,10023,12504
VIEW-04 raw release full_path_cpu_orientation 720x480 total: 32903,32226,33687,32886,32312,33503,33031,32265,33254,32726,32843,33263,32432,33230,33140,33429,31621,33274,32256,33474,33014,32640,33027,32767,32686,33116,32834,32838,33375,32414,33084,33121,32016,33463,33189,31841,33571,33054,32452,32898,32840,32777,33345,32409,33029,33050,32497,33060,33622,32222,32998,32807,32189,33741,32570,32809,32945,32832,32857,32964
VIEW-04 raw release full_path_cpu_orientation 720x480 raster: 2761,2102,2975,2933,2647,2978,2871,2603,2796,3070,2884,2960,2759,2736,3138,2862,2769,2916,2250,2801,2807,2754,2880,3025,2723,2995,2943,2620,3170,2905,2940,3003,2335,3068,3046,2291,2840,3093,2636,2754,2809,2704,3079,2729,2406,2915,2653,2404,3080,2651,2595,2650,2686,2867,2885,2659,2815,2791,2690,2245
VIEW-04 result: {"card":"VIEW-04","build_mode":"release","scenario":"full_path_draw_orientation","width":720,"height":480,"samples":60,"orientation":"canvas","import_median_ms":1.49,"import_p90_ms":4.298,"rotate_median_ms":0.003,"rotate_p90_ms":0.004,"flip_median_ms":0.001,"flip_p90_ms":0.001,"convert_median_ms":6.518,"convert_p90_ms":9.436,"texture_median_ms":8.432,"texture_p90_ms":11.08,"work_median_ms":15.451,"work_p90_ms":23.677,"show_median_ms":16.347,"show_p90_ms":20.441,"total_median_ms":32.713,"total_p90_ms":33.767,"frame_timings_in_window":51,"raster_median_ms":3.589,"raster_p90_ms":3.961,"build_median_ms":3.671}
VIEW-04 raw release full_path_draw_orientation 720x480 import: 1020,3045,955,2300,859,4366,948,3246,1063,5546,769,1495,1112,4171,877,4266,810,3455,1069,1777,1086,4450,794,4511,898,3183,1131,1957,934,4298,792,2668,1108,3318,937,2284,890,2826,973,4060,961,3387,905,2034,918,4423,905,4498,874,3090,645,1490,2129,898,3277,897,4115,965,3386,938
VIEW-04 raw release full_path_draw_orientation 720x480 rotate: 2,3,2,3,1,5,2,4,2,4,1,2,3,5,2,4,1,3,2,3,2,4,2,5,2,3,1,3,2,5,1,4,3,3,2,4,2,3,2,3,3,3,1,3,2,4,3,4,2,2,1,3,2,1,3,2,4,1,3,2
VIEW-04 raw release full_path_draw_orientation 720x480 flip: 1,1,0,1,1,0,1,1,1,0,0,0,1,0,1,3,1,0,0,1,1,1,0,1,1,0,1,0,0,1,1,1,0,1,0,0,0,1,0,1,0,0,1,0,1,1,0,1,1,0,1,0,1,1,1,0,1,1,1,0
VIEW-04 raw release full_path_draw_orientation 720x480 convert: 5487,8912,5403,10035,5007,7918,5815,7473,5896,9436,4249,7580,6460,7683,5042,9315,4447,9072,6332,8831,6581,8033,4600,8087,5499,8463,6427,9591,5485,8089,4478,6518,6288,9256,5291,9615,4601,9224,5822,7764,5522,9207,4620,12770,5074,7490,5423,9443,5072,8987,3156,4578,9440,5940,8874,5401,7965,5605,9417,5036
VIEW-04 raw release full_path_draw_orientation 720x480 texture: 8635,10518,7945,9494,6408,11547,6757,10579,8489,11080,6164,7026,7717,10959,7276,9487,6429,8839,7202,10250,6725,12629,7327,9143,8525,9721,7471,10091,7093,11205,6920,7884,7684,10896,6908,9708,6895,10386,7531,10686,6722,11080,6936,9427,7277,11759,7273,8432,7325,9934,5096,6294,9767,7258,11928,7034,10725,6767,10580,8207
VIEW-04 raw release full_path_draw_orientation 720x480 work: 15145,22479,14305,21833,12276,23836,13523,21303,15451,26066,11183,16103,15293,22818,13198,23075,11688,21369,14605,20862,14395,25117,12723,21747,14925,21370,15031,21642,13514,23598,12192,17075,15083,23474,13138,21611,12388,22440,14328,22514,13208,23677,12463,24234,13272,23677,13604,22378,13274,22013,8899,12365,21339,14098,24083,13334,22810,13339,23387,14183
VIEW-04 raw release full_path_draw_orientation 720x480 show: 17605,10070,19462,10072,21334,8710,19222,11759,17443,5919,5723,17716,16880,9806,20303,8896,22380,11107,18025,12479,18083,7102,21329,10106,18840,11479,17409,11255,19352,8420,4913,16347,17467,9142,20583,10197,21431,9865,18573,10422,19676,8640,21551,7563,20313,8744,19395,10276,20441,9052,10716,19082,10690,19648,8206,19379,10395,20232,8352,19683
VIEW-04 raw release full_path_draw_orientation 720x480 total: 32750,32549,33767,31905,33610,32546,32745,33062,32894,31985,16906,33819,32173,32624,33501,31971,34068,32476,32630,33341,32478,32219,34052,31853,33765,32849,32440,32897,32866,32018,17105,33422,32550,32616,33721,31808,33819,32305,32901,32936,32884,32317,34014,31797,33585,32421,32999,32654,33715,31065,19615,31447,32029,33746,32289,32713,33205,33571,31739,33866
VIEW-04 raw release full_path_draw_orientation 720x480 raster: 3999,3317,4089,3394,3710,3574,3913,3379,3837,3082,3107,3787,3718,3270,3600,3178,4015,3669,3482,3962,3641,3164,4011,3281,3924,3929,3505,3589,3789,2918,3207,3725,3858,3348,3961,3197,3898,3533,3686,3387,3886,3267,3723,3384,3804,3287,3685,3292,3572,2567,3198
VIEW-04 result: {"card":"VIEW-04","build_mode":"release","scenario":"convert_control","width":720,"height":480,"samples":60,"on_source_median_ms":4.985,"on_source_p90_ms":6.237,"on_copy_median_ms":9.012,"on_copy_p90_ms":11.679,"on_oriented_copy_median_ms":6.021,"on_oriented_copy_p90_ms":6.764,"frame_timings_in_window":0,"raster_median_ms":0.0,"raster_p90_ms":0.0,"build_median_ms":0.0}
VIEW-04 raw release convert_control 720x480 on_source: 4867,6123,5423,5805,6869,4627,5373,6154,4545,4995,5952,2389,4687,5606,4540,4985,5677,4645,5262,6736,5297,5718,5737,4420,4413,7056,4650,5575,5561,4645,4707,7150,4741,4803,5627,4675,4805,5659,4602,5625,5722,4679,5230,6878,4639,5369,9580,4554,3339,2700,2319,3411,5518,4040,2614,6237,3860,3512,4540,3854
VIEW-04 raw release convert_control 720x480 on_copy: 12500,5129,11723,12909,4945,11540,12957,5289,11401,11256,4952,9012,11491,4766,10408,12457,4778,9048,11435,4763,10700,10714,4862,9753,10081,5593,11679,11932,4825,10598,11044,5933,9225,10064,4721,9819,9109,4862,10517,11299,5325,10906,10205,5940,10050,4628,4773,8216,6665,2220,4357,5070,4648,7448,5606,4911,5517,7032,4068,7458
VIEW-04 raw release convert_control 720x480 on_oriented_copy: 6327,6875,6784,5808,6926,6829,6152,6764,5713,6972,5301,5379,5707,6541,6408,5926,6189,6659,6706,6032,6653,5884,6029,5125,6674,6614,6763,5804,5371,5964,6668,6593,5483,6519,5482,6154,5990,6725,5808,5863,6283,6021,6646,6644,5681,11114,6718,4077,2589,2217,2219,2725,5944,5199,4896,4432,3953,3230,5520,5385
VIEW-04 raw release convert_control 720x480 raster: 
VIEW-04 result: {"card":"VIEW-04","build_mode":"release","scenario":"full_path_cpu_orientation","width":720,"height":480,"samples":60,"orientation":"cpu","import_median_ms":0.709,"import_p90_ms":0.868,"rotate_median_ms":6.498,"rotate_p90_ms":8.245,"flip_median_ms":2.832,"flip_p90_ms":3.572,"convert_median_ms":3.396,"convert_p90_ms":4.149,"texture_median_ms":10.064,"texture_p90_ms":11.757,"work_median_ms":23.579,"work_p90_ms":27.139,"show_median_ms":10.461,"show_p90_ms":14.146,"total_median_ms":32.978,"total_p90_ms":33.96,"frame_timings_in_window":60,"raster_median_ms":2.858,"raster_p90_ms":3.208,"build_median_ms":2.854}
VIEW-04 raw release full_path_cpu_orientation 720x480 import: 702,602,788,752,534,640,774,705,861,663,689,838,561,611,684,568,506,1457,717,709,775,955,1029,992,1063,869,733,674,770,713,676,771,563,743,687,607,750,810,620,715,705,651,783,783,705,743,648,632,816,668,624,838,672,706,807,567,868,694,650,772
VIEW-04 raw release full_path_cpu_orientation 720x480 rotate: 6780,6017,6470,7126,5454,5949,4824,5036,6965,6628,5655,7208,6236,5592,5980,6829,4461,6836,6004,6209,8461,8324,10150,8565,10178,8245,7105,5670,7135,6507,5494,7125,6105,5700,6649,6283,5981,7147,5925,6398,7216,5773,6703,6943,5817,6498,7079,6236,7316,6029,5916,8539,6450,5647,7978,5758,7000,6800,5610,7170
VIEW-04 raw release full_path_cpu_orientation 720x480 flip: 2959,2970,3120,3134,2898,2574,2100,2071,2832,3115,2452,3226,2708,2732,2657,3572,2070,2877,2639,2455,3667,3754,4156,3868,4478,3559,2849,2372,3143,3041,2379,3321,2742,2744,2687,2666,2764,3235,2715,2574,3476,2664,2545,3135,2804,3028,2803,2881,2894,2716,2708,3370,2338,2396,3637,2803,2729,3090,2747,3166
VIEW-04 raw release full_path_cpu_orientation 720x480 convert: 3542,3378,3185,3728,3080,3117,2420,2555,3324,3499,3088,3523,3221,3094,3005,4067,2335,3454,3283,3218,4314,4229,4689,4245,5077,3853,3599,3273,3568,3416,3096,3705,3155,3014,3517,3024,3009,3689,3298,3320,3741,2943,3330,3584,3527,3396,3660,3456,3699,3120,3194,4205,3084,2954,4149,2864,3369,3585,3425,3472
VIEW-04 raw release full_path_cpu_orientation 720x480 texture: 10476,8180,10424,11322,10439,7691,7813,9447,11318,11757,10745,8417,8617,10310,9104,9058,6638,10171,9829,9880,11480,10842,10059,10496,12032,10460,9847,9306,12153,10796,10772,12217,8981,9971,10727,9068,10218,10415,9745,11035,12378,9049,8781,10064,10157,10021,9107,12453,12140,9080,9447,9611,10738,9456,8841,9438,9613,10071,9675,11040
VIEW-04 raw release full_path_cpu_orientation 720x480 work: 24459,21147,23987,26062,22405,19971,17931,19814,25300,25662,22629,23212,21343,22339,21430,24094,16010,24795,22472,22471,28697,28104,30083,28166,32828,26986,24133,21295,26769,24473,22417,27139,21546,22172,24267,21648,22722,25296,22303,24042,27516,21080,22142,24509,23010,23686,23297,25658,26865,21613,21889,26563,23282,21159,25412,21430,23579,24240,22107,25620
VIEW-04 raw release full_path_cpu_orientation 720x480 show: 7902,12167,9533,5579,10956,13245,13879,14146,7162,7014,10802,9067,11635,10919,11000,8294,18406,7148,10461,10940,21115,21190,19667,20501,16586,5335,8193,11962,6121,8259,10832,4941,11605,11145,8003,11287,10682,7050,10928,8997,4647,12499,10293,8419,10132,8776,9658,7494,5655,11446,11663,5624,9593,12214,7165,11756,8907,8148,11637,6529
VIEW-04 raw release full_path_cpu_orientation 720x480 total: 32361,33314,33520,31641,33361,33216,31810,33960,32462,32676,33431,32279,32978,33258,32430,32388,34416,31943,32933,33411,49812,49294,49750,48667,49414,32321,32326,33257,32890,32732,33249,32080,33151,33317,32270,32935,33404,32346,33231,33039,32163,33579,32435,32928,33142,32462,32955,33152,32520,33059,33552,32187,32875,33373,32577,33186,32486,32388,33744,32149
VIEW-04 raw release full_path_cpu_orientation 720x480 raster: 2568,3023,3092,2365,2703,2832,2673,3155,2858,2755,3209,2399,2848,2906,2414,2175,2873,2537,2759,3059,3072,3729,3217,3752,2986,2916,2653,2740,2998,2914,3044,2616,2978,2793,2752,2839,2936,2768,2882,2856,2792,3070,2791,2885,3002,2486,2864,3169,2803,2804,3337,2790,2827,3298,2497,3208,2968,2764,3064,2831
VIEW-04 result: {"card":"VIEW-04","build_mode":"release","scenario":"full_path_draw_orientation","width":720,"height":480,"samples":60,"orientation":"canvas","import_median_ms":1.105,"import_p90_ms":4.218,"rotate_median_ms":0.002,"rotate_p90_ms":0.004,"flip_median_ms":0.001,"flip_p90_ms":0.001,"convert_median_ms":5.929,"convert_p90_ms":9.842,"texture_median_ms":7.402,"texture_p90_ms":10.872,"work_median_ms":14.421,"work_p90_ms":24.485,"show_median_ms":15.302,"show_p90_ms":21.175,"total_median_ms":32.588,"total_p90_ms":34.137,"frame_timings_in_window":50,"raster_median_ms":3.861,"raster_p90_ms":4.349,"build_median_ms":4.465}
VIEW-04 raw release full_path_draw_orientation 720x480 import: 3215,846,4492,997,5148,986,4467,935,2012,958,3169,834,4542,881,3317,939,1929,989,1882,443,556,1113,2385,917,1505,979,4156,867,4218,824,3335,897,2010,1060,3339,868,4244,835,3642,1036,2892,1052,1615,800,4024,1000,4358,1070,2935,918,2122,811,1434,666,3334,1105,535,659,1087,2732
VIEW-04 raw release full_path_draw_orientation 720x480 rotate: 3,2,4,2,4,2,8,1,2,2,3,2,5,2,2,2,2,2,3,0,1,1,2,1,2,3,3,2,4,1,3,1,3,3,4,1,6,2,5,1,2,2,3,2,4,2,3,2,3,2,2,1,2,2,2,1,0,1,2,3
VIEW-04 raw release full_path_draw_orientation 720x480 flip: 1,1,1,1,1,1,1,1,0,1,1,0,0,1,0,1,1,1,0,1,0,0,0,1,1,0,1,1,0,0,1,1,0,0,1,1,0,0,0,1,0,0,1,1,1,0,1,0,0,1,1,0,0,0,0,0,1,0,0,1
VIEW-04 raw release full_path_draw_orientation 720x480 convert: 11416,4696,7995,5168,10871,5601,8623,5309,9971,5653,12058,4469,8637,4737,11924,5623,9842,5430,11399,2181,2857,3267,6556,3782,7093,6319,6933,5090,8178,4515,8448,5282,8352,6311,8138,5100,7633,4528,8157,5884,6802,5929,9816,4521,7764,5853,7373,5961,8261,5446,9668,4488,6793,3416,3059,5442,2911,2901,3454,5262
VIEW-04 raw release full_path_draw_orientation 720x480 texture: 13644,6488,12835,6943,9549,8928,10123,7818,13107,7402,10228,6735,9572,7202,10872,7856,12711,7620,9074,3660,5226,5278,6462,5924,7840,7320,10209,6253,10978,6470,8456,7327,8657,6823,10931,7669,9345,6406,9451,6781,8822,7106,10511,6177,8780,6732,9358,6641,10041,6172,10187,5704,6481,5253,4895,5383,5242,6004,5696,7278
VIEW-04 raw release full_path_draw_orientation 720x480 work: 28279,12033,25327,13111,25573,15518,23222,14064,25092,14016,25459,12040,22756,12823,26115,14421,24485,14042,22358,6285,8640,9659,15405,10625,16441,14621,21302,12213,23378,11810,20243,13508,19022,14197,22413,13639,21228,11771,21255,13703,18518,14089,21946,11501,20573,13587,21093,13674,21240,12539,21980,11004,14710,9337,11290,11931,8689,9565,10239,15276
VIEW-04 raw release full_path_draw_orientation 720x480 show: 20642,20912,7801,20715,23613,17624,8586,19364,7474,18329,7216,22465,8708,21175,23050,18046,7631,18546,8635,11632,8390,5750,17728,6486,16124,18387,11877,20546,9407,22327,11330,19904,14472,17864,10175,20391,10221,22487,11054,18379,15302,18010,10424,22954,10996,20295,11790,18443,11878,21075,9317,5517,17377,7376,4619,4171,9487,6857,5451,17732
VIEW-04 raw release full_path_draw_orientation 720x480 total: 48921,32945,33128,33826,49186,33142,31808,33428,32566,32345,32675,34505,31464,33998,49165,32467,32116,32588,30993,17917,17030,15409,33133,17111,32565,33008,33179,32759,32785,34137,31573,33412,33494,32061,32588,34030,31449,34258,32309,32082,33820,32099,32370,34455,31569,33882,32883,32117,33118,33614,31297,16521,32087,16713,15909,16102,18176,16422,15690,33008
VIEW-04 raw release full_path_draw_orientation 720x480 raster: 3340,4500,3969,4038,4157,4732,3874,4037,3917,3800,3620,4757,3502,4569,3902,4093,4203,3970,2181,2344,3025,2870,3022,3243,3765,3748,3350,3988,3423,4180,3550,4038,3848,4143,3594,3871,3405,4349,3760,3861,3832,3517,3423,4123,3619,4063,4010,3407,3637,4426
VIEW-04 result: {"card":"VIEW-04","build_mode":"release","scenario":"bgra_path","width":1920,"height":1080,"samples":60,"texture_width":1920,"texture_height":1080,"texture_bytes":8294400,"convert_median_ms":35.286,"convert_p90_ms":37.127,"buffer_median_ms":5.48,"buffer_p90_ms":5.961,"codec_median_ms":0.018,"codec_p90_ms":0.029,"image_median_ms":32.234,"image_p90_ms":33.426,"show_median_ms":23.67,"show_p90_ms":25.874,"total_median_ms":98.07,"total_p90_ms":99.25,"frame_timings_in_window":59,"raster_median_ms":3.905,"raster_p90_ms":4.187,"build_median_ms":5.552}
VIEW-04 raw release bgra_path 1920x1080 convert: 28808,34135,38538,34170,30248,37139,32370,35044,27272,34763,34182,34331,35515,36527,36594,37018,37445,36553,36824,35307,35982,35286,33742,32805,34462,33093,35421,38113,35637,37127,35459,35208,33395,32732,34417,35829,35411,33538,32685,33944,24077,37202,37776,36408,35775,35741,36630,35362,33848,28488,36075,36320,35778,33919,33124,34156,36499,35183,33604,32942
VIEW-04 raw release bgra_path 1920x1080 buffer: 4911,5654,6151,5346,4936,5754,5569,5398,4972,5035,4978,4892,5182,5450,5649,5911,6089,6022,5958,5681,5589,5294,4920,4944,5480,5302,5863,5969,5495,5955,5345,5500,5075,5165,5533,5700,5286,4887,4936,5397,4811,5961,6204,6003,5540,5759,5690,5508,5059,4979,5612,5778,5637,5091,5073,5394,5659,5459,5076,5074
VIEW-04 raw release bgra_path 1920x1080 codec: 16,18,18,17,16,30,18,18,20,17,19,16,17,17,16,17,16,19,18,19,17,29,33,29,18,19,19,17,19,37,60,18,17,17,18,18,31,16,17,19,18,17,16,19,18,19,18,29,17,17,17,18,18,18,17,17,17,17,17,18
VIEW-04 raw release bgra_path 1920x1080 image: 31052,33530,32738,32575,32081,27807,30669,30646,31609,35248,34472,35017,31245,31594,32319,32556,32323,32760,32385,32072,32571,32253,32249,32115,32476,32842,32161,33393,32408,32949,33426,32473,31619,31873,33501,32109,32234,31580,31961,28214,29986,32093,31577,31405,32011,32210,32195,31767,33558,29455,32613,32739,32789,31085,31828,33180,32948,31627,32301,31905
VIEW-04 raw release bgra_path 1920x1080 show: 18832,24552,20198,10681,15838,9801,14408,10383,20013,23714,24707,24073,26111,25679,23485,22608,22702,23670,24065,25648,24571,25743,10691,12112,9434,11056,25975,19534,26645,21557,25175,25435,11543,12432,25517,24895,25839,11803,12345,12349,25155,22727,23839,24465,26396,24177,24689,25874,7892,20616,24550,23663,24586,11562,12247,26033,23670,26359,10616,12143
VIEW-04 raw release bgra_path 1920x1080 total: 83619,97889,97643,82789,83119,80531,83034,81489,83886,98777,98358,98329,98070,99267,98063,98110,98575,99024,99250,98727,98730,98605,81635,82005,81870,82312,99439,97026,100204,97625,99465,98634,81649,82219,98986,98551,98801,81824,81944,79923,84047,98000,99412,98300,99740,97906,99222,98540,80374,83555,98867,98518,98808,81675,82289,98780,98793,98645,81614,82082
VIEW-04 raw release bgra_path 1920x1080 raster: 3856,3645,3192,3408,4187,2901,3920,3118,4266,3900,4382,3977,4251,4202,4048,3992,4054,3843,3886,4064,4077,4111,3732,3821,3619,3382,4286,3677,4056,4111,3889,3893,3833,3827,3905,4047,4160,3950,3916,2659,3976,3999,4051,4084,4088,4193,3801,4061,3233,4064,3848,3822,3827,3527,3782,4180,3835,3874,3882
VIEW-04 result: {"card":"VIEW-04","build_mode":"release","scenario":"redraw_same_image","width":1920,"height":1080,"samples":60,"show_median_ms":16.476,"show_p90_ms":17.042,"frame_timings_in_window":60,"raster_median_ms":4.177,"raster_p90_ms":5.091,"build_median_ms":6.682}
VIEW-04 raw release redraw_same_image 1920x1080 show: 16951,15467,16691,15852,16774,16905,16378,15726,17042,16450,15952,16916,16742,15597,16502,16680,16964,16370,15870,16574,17110,15527,16782,16811,15503,16668,16578,16562,16433,16353,15921,16593,17057,16411,16476,15991,16395,17204,15742,17280,16295,15526,16640,16393,17197,16497,15791,16544,15660,16943,17076,16454,15653,16417,16743,16462,16834,16368,15538,15720
VIEW-04 raw release redraw_same_image 1920x1080 raster: 4177,5276,3733,4133,5257,3721,4144,4552,3875,5091,4444,3967,4977,3632,4146,4377,3901,4192,5087,3832,4494,4530,3925,4724,4375,3936,5929,4587,4049,3824,4094,3750,4009,3895,4151,4293,3952,4590,3959,4197,4852,4393,4111,5518,3732,4074,5343,3536,4616,4498,3609,4412,4421,4156,4873,3907,4077,5613,3389,4707
VIEW-04 result: {"card":"VIEW-04","build_mode":"release","scenario":"planes_as_rgba_upload","width":1920,"height":1080,"samples":60,"texture_width":480,"texture_height":1620,"texture_bytes":3110400,"convert_median_ms":0.001,"convert_p90_ms":0.002,"buffer_median_ms":3.37,"buffer_p90_ms":3.616,"codec_median_ms":0.033,"codec_p90_ms":0.046,"image_median_ms":17.928,"image_p90_ms":22.765,"show_median_ms":17.666,"show_p90_ms":25.55,"total_median_ms":34.023,"total_p90_ms":49.766,"frame_timings_in_window":57,"raster_median_ms":5.126,"raster_p90_ms":5.579,"build_median_ms":7.378}
VIEW-04 raw release planes_as_rgba_upload 1920x1080 convert: 1,1,1,1,1,1,1,1,1,2,2,2,1,1,2,8,1,2,1,1,1,2,2,2,2,2,1,2,1,1,1,1,1,1,1,1,1,0,1,1,1,1,1,1,1,1,1,1,1,1,1,1,1,1,1,1,1,1,1,1
VIEW-04 raw release planes_as_rgba_upload 1920x1080 buffer: 3056,3260,3107,3085,3089,3269,3068,3162,3234,3644,3764,3740,3556,3527,3616,3512,3537,3525,3453,3542,3496,3478,3554,3700,3678,3678,3518,3525,3595,3615,3592,3448,3525,3504,3557,3592,3559,1964,2178,3232,3265,3272,3235,3210,3210,3277,3239,3117,3236,3265,3084,3370,3232,3195,3404,3212,3344,3209,3266,3194
VIEW-04 raw release planes_as_rgba_upload 1920x1080 codec: 25,28,26,26,28,29,25,24,45,38,39,37,38,46,40,40,33,40,32,55,34,28,37,45,52,37,41,47,33,53,29,31,38,32,54,38,26,23,23,35,31,28,176,33,27,26,33,35,29,28,24,30,30,33,33,30,25,37,30,28
VIEW-04 raw release planes_as_rgba_upload 1920x1080 image: 13146,12118,14409,13136,12153,14557,13504,13170,19042,20228,23221,20413,21015,23608,21029,21221,22928,21113,23527,20079,19883,21808,20175,19641,20592,20239,22765,20365,23219,21263,19766,20406,19460,21158,19886,24235,16616,16775,13690,15934,18259,14684,14700,15961,15005,14932,15441,16062,14638,14735,17928,15699,15396,17222,16499,15437,16555,15922,15404,14791
VIEW-04 raw release planes_as_rgba_upload 1920x1080 show: 16838,17368,15316,16670,17489,14882,16489,17666,27919,25504,22750,24959,23800,21899,25550,24536,22790,23890,22683,26089,25302,24063,24882,26798,24168,25146,22779,27518,21140,24412,25195,26118,26315,24752,25186,20449,9155,14771,18547,13872,11433,14581,15095,13285,15219,14564,13234,14316,15126,14142,12359,13505,14329,12350,12888,14181,13076,13755,14128,14770
VIEW-04 raw release planes_as_rgba_upload 1920x1080 total: 33066,32775,32859,32918,32760,32738,33087,34023,50241,49416,49776,49151,48410,49081,50237,49317,49289,48570,49696,49766,48716,49379,48650,50186,48492,49102,49104,51457,47988,49344,48583,50004,49339,49447,48684,48315,29357,33533,34439,33074,32989,32566,33207,32490,33462,32800,31948,33531,33030,32171,33396,32605,32988,32801,32825,32861,33001,32924,32829,32784
VIEW-04 raw release planes_as_rgba_upload 1920x1080 raster: 4479,4161,4149,4141,4608,4147,4041,5126,5579,5812,5657,5657,5517,5666,5548,5440,5533,5376,5554,5270,5490,5495,5660,5547,5518,5325,5435,5422,5574,5367,5523,5343,5494,5192,5411,5043,3966,3809,4681,6990,4564,4336,4597,4669,4481,4694,4618,4398,4611,4585,4494,4711,4530,4413,4597,4546,4362
VIEW-04 result: {"card":"VIEW-04","build_mode":"release","scenario":"convert_control","width":1920,"height":1080,"samples":60,"on_source_median_ms":16.787,"on_source_p90_ms":19.569,"on_copy_median_ms":30.481,"on_copy_p90_ms":39.275,"on_oriented_copy_median_ms":36.817,"on_oriented_copy_p90_ms":39.58,"frame_timings_in_window":0,"raster_median_ms":0.0,"raster_p90_ms":0.0,"build_median_ms":0.0}
VIEW-04 raw release convert_control 1920x1080 on_source: 19130,16712,16377,17332,16386,16664,16847,15911,16658,16716,16586,16677,19569,18568,18540,16779,16667,19396,19927,19795,17203,18286,17043,19933,16803,16257,16430,19458,16795,19780,16286,17122,18862,16787,16590,16731,16245,19335,16981,18672,16780,21070,20671,16682,16454,16400,16544,16667,19290,16607,16836,16017,16317,16782,17476,16941,16362,16334,19070,16372
VIEW-04 raw release convert_control 1920x1080 on_copy: 27000,32613,25941,27454,25982,31682,30115,37263,27137,28931,34866,37305,26013,24906,24913,27713,30166,24674,29100,32397,27942,26764,27968,26775,30481,33214,26089,25167,37429,29976,30133,31506,42646,33058,30838,31542,39029,29860,30741,21877,34823,42255,39381,27560,26018,25795,32165,33026,39275,31235,29310,44170,43765,33503,19623,31745,43733,38782,29620,35613
VIEW-04 raw release convert_control 1920x1080 on_oriented_copy: 28722,37410,35883,36396,35161,37295,38648,36407,34785,35869,39288,39453,26580,35342,32593,29448,36952,30321,38841,34174,34422,35340,29385,32277,34676,37536,29875,28303,39262,39157,37497,39369,39301,39598,37404,34427,37865,33376,36667,30740,33303,39136,37784,38676,35823,36270,34846,39764,37005,36817,39846,39580,39008,40081,22592,39366,39895,39156,35149,40294
VIEW-04 raw release convert_control 1920x1080 raster: 
VIEW-04 result: {"card":"VIEW-04","build_mode":"release","scenario":"full_path_cpu_orientation","width":1920,"height":1080,"samples":60,"orientation":"cpu","import_median_ms":8.742,"import_p90_ms":9.318,"rotate_median_ms":43.894,"rotate_p90_ms":47.171,"flip_median_ms":12.561,"flip_p90_ms":13.413,"convert_median_ms":17.31,"convert_p90_ms":17.848,"texture_median_ms":40.015,"texture_p90_ms":41.079,"work_median_ms":123.159,"work_p90_ms":127.19,"show_median_ms":21.499,"show_p90_ms":26.176,"total_median_ms":147.546,"total_p90_ms":148.708,"frame_timings_in_window":57,"raster_median_ms":4.402,"raster_p90_ms":4.705,"build_median_ms":7.132}
VIEW-04 raw release full_path_cpu_orientation 1920x1080 import: 5218,7288,8293,9032,9318,8804,9045,9044,5144,4545,8921,7983,9285,8462,8767,8982,9070,8487,7240,8689,8765,7864,8118,7323,7468,9352,7358,7075,8742,8698,9032,8942,9127,8504,8230,8024,7916,10181,8435,8802,8362,8838,8944,9395,8706,8582,8332,9045,9173,8422,9492,9075,8373,8867,8758,8378,9485,9224,9325,8696
VIEW-04 raw release full_path_cpu_orientation 1920x1080 rotate: 26293,38430,43953,48705,44192,42794,45225,43829,27149,27012,40015,44118,43450,46818,43404,43209,48069,42930,40198,43417,49722,42692,41912,38206,42221,40448,43883,38769,44597,43114,46976,44011,49471,42635,39713,38954,42148,43025,47171,45933,43479,48023,44074,46105,45935,27091,42971,46136,44411,45219,46522,43894,46252,44633,45235,45762,43903,47839,44875,42598
VIEW-04 raw release full_path_cpu_orientation 1920x1080 flip: 10982,11683,12439,12801,12548,12401,13044,12744,11843,11323,12158,12832,12108,13334,14964,12659,14387,11877,12307,12111,12699,12903,12193,11854,13153,11792,12336,11839,13170,13112,12926,13128,12545,12732,11720,12038,15591,12380,13129,12105,12243,13697,12191,13003,12558,10737,12561,12540,12391,12878,12998,13561,12710,13263,14032,13413,12807,13366,12191,12516
VIEW-04 raw release full_path_cpu_orientation 1920x1080 convert: 16504,17050,17375,18114,17347,17009,17681,17266,16602,16393,16618,16878,17680,17261,18617,17069,17848,17115,16845,17331,17997,17142,16792,16604,17145,17188,16989,16911,17669,16946,17900,17233,17776,17252,17144,16576,17687,17250,17610,17560,17371,17622,17343,17700,17789,16481,17621,17312,17377,16535,17787,17122,17310,17640,18504,17800,17197,17940,17626,17120
VIEW-04 raw release full_path_cpu_orientation 1920x1080 texture: 39907,36822,39788,40182,40187,42151,36584,40721,41200,36296,39810,39708,39946,39850,41079,40756,40134,39977,38177,39909,38322,39500,34702,39855,40839,40354,41712,39863,39712,40674,39851,40307,39760,38864,41527,40152,39950,40422,40482,39652,41758,40271,39621,40015,40955,40000,40808,40239,39502,38761,40391,41038,40681,39773,40486,39910,41091,39047,40742,40572
VIEW-04 raw release full_path_cpu_orientation 1920x1080 work: 98904,111273,121848,128834,123592,123159,121579,123604,101938,95569,117522,121519,122469,125725,126831,122675,129508,120386,114767,121457,127505,120101,113717,113842,120826,119134,122278,114457,123890,122544,126685,123621,128679,119987,118334,115744,123292,123258,126827,124052,123213,128451,122173,126218,125943,102891,122293,125272,122854,121815,127190,124690,125326,124176,127015,125263,124483,127416,124759,121502
VIEW-04 raw release full_path_cpu_orientation 1920x1080 show: 16230,22029,27142,19169,22860,26403,26208,19724,13039,20675,16934,26716,25599,22164,21107,25239,15890,11263,19046,25833,17908,13074,17015,18777,11224,10334,8273,20317,22459,26822,21328,23983,16411,11191,14959,16969,25177,24042,21499,22268,26088,19490,26176,21328,23220,8406,11071,23436,25004,25995,20823,22282,23471,23370,21462,22501,23292,20621,22621,27120
VIEW-04 raw release full_path_cpu_orientation 1920x1080 total: 115134,133302,148990,148003,146452,149562,147787,143328,114977,116244,134456,148235,148068,147889,147938,147914,145398,131649,133813,147290,145413,133175,130732,132619,132050,129468,130551,134774,146349,149366,148013,147604,145090,131178,133293,132713,148469,147300,148326,146320,149301,147941,148349,147546,149163,111297,133364,148708,147858,147810,148013,146972,148797,147546,148477,147764,147775,148037,147380,148622
VIEW-04 raw release full_path_cpu_orientation 1920x1080 raster: 3425,4066,4698,4875,4395,4479,4424,2802,2884,4336,4350,4472,4396,4402,4521,4891,4429,3709,4340,4378,4133,3974,3852,4126,4157,3733,3230,4803,4371,4455,4536,4705,4402,4201,4007,4192,4591,4371,4416,4655,4587,4378,4795,4524,4151,4167,4622,4467,4241,4919,4461,4639,4417,4423,4374,4535,4795
VIEW-04 result: {"card":"VIEW-04","build_mode":"release","scenario":"full_path_draw_orientation","width":1920,"height":1080,"samples":60,"orientation":"canvas","import_median_ms":8.902,"import_p90_ms":9.6,"rotate_median_ms":0.004,"rotate_p90_ms":0.004,"flip_median_ms":0.001,"flip_p90_ms":0.001,"convert_median_ms":32.324,"convert_p90_ms":34.966,"texture_median_ms":39.001,"texture_p90_ms":40.606,"work_median_ms":80.287,"work_p90_ms":84.235,"show_median_ms":18.061,"show_p90_ms":22.431,"total_median_ms":98.602,"total_p90_ms":100.27,"frame_timings_in_window":57,"raster_median_ms":4.416,"raster_p90_ms":4.66,"build_median_ms":7.039}
VIEW-04 raw release full_path_draw_orientation 1920x1080 import: 9251,8680,9324,8817,9583,9297,8913,8514,8373,9100,7671,8918,8937,8998,8182,8262,8620,9598,9303,9718,8852,8690,9147,9600,7083,9883,8268,8359,7522,9009,8401,8696,8971,8953,8833,9659,9588,8083,9743,7491,8708,8906,7110,9093,9638,8902,9492,8659,9371,7116,10322,6810,8922,8357,8211,8091,8925,8768,8759,7968
VIEW-04 raw release full_path_draw_orientation 1920x1080 rotate: 4,3,3,4,4,4,4,4,4,3,4,4,4,4,4,3,3,4,4,5,5,4,3,4,3,4,4,3,2,4,4,4,5,4,4,4,6,3,5,3,4,4,2,4,4,4,3,4,5,3,3,3,4,3,3,3,3,2,4,3
VIEW-04 raw release full_path_draw_orientation 1920x1080 flip: 0,1,0,0,1,1,1,1,0,1,1,0,0,0,1,1,1,0,1,0,1,0,1,1,0,0,0,0,1,1,0,0,0,1,1,1,0,1,1,0,1,0,1,1,1,0,1,0,1,0,1,1,0,1,0,1,0,1,1,1
VIEW-04 raw release full_path_draw_orientation 1920x1080 convert: 35648,31012,31411,32197,32324,32509,31907,32999,32816,34609,33075,34966,33605,34467,30626,33760,30898,31551,32319,31650,32712,32310,33712,34511,32224,35917,33487,32852,31343,34896,31487,31705,32062,31697,32479,32503,33617,31846,36456,30955,35523,33578,31044,32010,32212,31962,31667,32079,33912,32723,34593,29889,37138,36222,34501,31166,31607,31836,27448,28312
VIEW-04 raw release full_path_draw_orientation 1920x1080 texture: 38855,37934,38699,38983,38684,40340,39177,39946,39245,39813,38158,37623,36912,38090,39001,37537,38043,42348,38496,39100,38717,40606,40167,37414,37317,37149,38301,38431,38664,41568,38984,38684,38767,39625,39564,39429,39515,52439,39174,38864,37063,40539,39568,37992,39214,39202,39217,39048,40946,39011,40583,38346,41248,41481,38515,38977,39375,38594,33494,39240
VIEW-04 raw release full_path_draw_orientation 1920x1080 work: 83758,77630,79437,80001,80596,82151,80002,81464,80438,83526,78909,81511,79458,81559,77814,79563,77565,83501,80123,80473,80287,81610,83030,81530,76627,82953,80060,79645,77532,85478,78876,79089,79805,80280,80881,81596,82726,92372,85379,77313,81299,83027,77725,79100,81069,80070,80380,79790,84235,78853,85502,75049,87312,86064,81230,78238,79910,79201,69706,75524
VIEW-04 raw release full_path_draw_orientation 1920x1080 show: 14454,21265,19008,19117,18006,16442,15728,18061,19995,12873,21320,17630,18716,15711,22170,17725,22431,15431,18535,18365,16261,17142,17240,14362,24240,15528,19361,16764,23146,12707,20194,19124,18908,17690,17222,16351,15556,24862,10976,22644,18378,13457,22061,20094,17368,18292,16606,21225,12262,21751,10888,24620,11908,12901,16813,19461,19824,19119,13168,22714
VIEW-04 raw release full_path_draw_orientation 1920x1080 total: 98212,98895,98445,99118,98602,98593,95730,99525,100433,96399,100229,99141,98174,97270,99984,97288,99996,98932,98658,98838,96548,98752,100270,95892,100867,98481,99421,96409,100678,98185,99070,98213,98713,97970,98103,97947,98282,117234,96355,99957,99677,96484,99786,99194,98437,98362,96986,101015,96497,100604,96390,99669,99220,98965,98043,97699,99734,98320,82874,98238
VIEW-04 raw release full_path_draw_orientation 1920x1080 raster: 4327,4892,4317,4505,4540,4652,4355,4384,4508,3798,5019,4382,4481,3884,4245,3787,4514,4441,4498,4447,4387,4820,4438,3645,4685,4037,4336,3822,4939,4416,4546,4440,4628,4450,4465,4534,4191,4660,3643,4635,4432,3857,4569,4399,4464,4261,4268,4596,4218,4758,3728,4387,4232,4385,4259,3955,4249
VIEW-04 result: {"card":"VIEW-04","build_mode":"release","scenario":"convert_control","width":1920,"height":1080,"samples":60,"on_source_median_ms":16.99,"on_source_p90_ms":19.304,"on_copy_median_ms":29.546,"on_copy_p90_ms":41.164,"on_oriented_copy_median_ms":37.071,"on_oriented_copy_p90_ms":39.584,"frame_timings_in_window":0,"raster_median_ms":0.0,"raster_p90_ms":0.0,"build_median_ms":0.0}
VIEW-04 raw release convert_control 1920x1080 on_source: 18335,16096,17866,18889,16476,17548,16923,18633,19130,17400,17069,17223,17165,16886,22473,20316,16668,19304,16768,16409,16486,17256,16851,16534,17267,16920,16797,21231,16943,16238,17177,17500,16934,22215,21396,16519,16300,17070,16825,16886,16792,17615,16373,16043,16113,17227,17062,16679,16847,17066,16990,16829,16806,16654,17458,19304,19563,16158,17047,16446
VIEW-04 raw release convert_control 1920x1080 on_copy: 27620,41854,33772,26239,36443,38226,30323,24220,32682,19949,30684,28442,27776,32262,42599,28597,28245,31332,31594,26547,33781,28683,35471,27455,28749,34722,25906,27555,30774,28185,29225,29546,28883,34692,41164,43715,29972,34111,24292,31870,20343,27414,41277,25987,35209,43802,39418,27765,28523,27815,28837,27617,32151,25595,31485,39742,26060,26850,28204,43085
VIEW-04 raw release convert_control 1920x1080 on_oriented_copy: 34000,37071,34844,28734,38176,36609,36614,28846,37888,29736,37647,32270,34879,40079,39621,36119,39280,34564,39168,32909,39185,39878,37734,37254,37899,35460,29398,34999,34453,31111,37361,36181,39845,40413,39263,39146,39584,37513,34354,36520,32143,38989,37253,35327,40575,39175,37287,36175,37036,36357,37011,29618,37083,31502,39342,37483,28209,32030,39400,39276
VIEW-04 raw release convert_control 1920x1080 raster: 
VIEW-04 result: {"card":"VIEW-04","build_mode":"release","scenario":"full_path_cpu_orientation","width":1920,"height":1080,"samples":60,"orientation":"cpu","import_median_ms":8.938,"import_p90_ms":9.787,"rotate_median_ms":44.459,"rotate_p90_ms":47.745,"flip_median_ms":12.758,"flip_p90_ms":13.435,"convert_median_ms":17.637,"convert_p90_ms":18.316,"texture_median_ms":42.779,"texture_p90_ms":44.222,"work_median_ms":126.474,"work_p90_ms":130.643,"show_median_ms":20.482,"show_p90_ms":27.238,"total_median_ms":147.803,"total_p90_ms":149.569,"frame_timings_in_window":59,"raster_median_ms":4.662,"raster_p90_ms":4.981,"build_median_ms":8.396}
VIEW-04 raw release full_path_cpu_orientation 1920x1080 import: 9055,8938,9744,9123,9070,8398,9082,8985,9687,8540,7901,9790,9518,8692,9959,8920,8656,8929,9047,8419,9029,9787,9081,8575,8829,9702,9561,9376,8868,5235,8853,8783,9390,8877,8917,8936,11612,9008,6007,9045,11507,8832,8622,9821,9590,8919,8852,5195,8881,9355,8818,9021,8611,9797,9152,8849,8662,9680,8774,8863
VIEW-04 raw release full_path_cpu_orientation 1920x1080 rotate: 45129,42771,46468,43598,46892,44461,41710,47172,42812,46756,44799,42776,47773,42421,46477,45953,43179,48301,41493,45690,46257,42438,48452,42633,45595,46038,43203,48212,41956,31212,42083,47107,42089,47985,44459,41947,45067,41073,36456,41234,45902,41058,45467,44717,40786,47664,41202,27493,43056,47716,43770,41230,45777,41425,48168,43590,41390,45449,42974,47745
VIEW-04 raw release full_path_cpu_orientation 1920x1080 flip: 12628,12795,13524,12366,12852,12808,13215,13652,12233,13561,12726,12758,13023,11954,13115,12286,12963,13161,12722,12713,12449,12561,13020,11947,13222,12280,12911,13533,12764,11507,12415,12768,12407,13029,11874,12373,12900,12393,11677,12057,12750,12047,13435,12135,13219,12730,12191,10535,12927,12973,12373,14829,12601,15269,13113,13231,12431,12097,12764,13426
VIEW-04 raw release full_path_cpu_orientation 1920x1080 convert: 17637,17155,18634,17518,17286,17762,17861,19172,17304,17726,17417,17132,17988,17266,17715,17798,17234,18036,16970,16988,17791,17084,18034,17207,16924,17615,17106,17992,18407,17164,16977,17916,17263,18316,17614,17060,17729,17983,16903,17200,17722,17122,18515,17679,17712,17964,17220,16607,17075,17994,17370,17375,17812,18051,17957,18756,17181,17671,17143,18860
VIEW-04 raw release full_path_cpu_orientation 1920x1080 texture: 43567,44505,40285,38940,43186,43885,39893,39680,42953,42398,41018,42779,42597,42038,42405,43689,43143,42648,42102,42767,43859,45248,42947,41844,44114,42443,43017,42163,39893,41639,41101,43326,43572,41592,43710,43028,45231,39142,43731,43331,41929,43050,39627,45517,40177,45058,43190,42419,42838,42523,44143,39516,44222,38982,42253,40429,44342,43932,43119,41148
VIEW-04 raw release full_path_cpu_orientation 1920x1080 work: 128016,126164,128655,121545,129286,127314,121761,128661,124989,128981,123861,125235,130899,122371,129671,128646,125175,131075,122334,126577,129385,127118,131534,122206,128684,128078,125798,131276,121888,106757,121429,129900,124721,129799,126574,123344,132539,119599,114774,122867,129810,122109,125666,129869,121484,132335,122655,102249,124777,130561,126474,121971,129023,123524,130643,124855,124006,128829,124774,130042
VIEW-04 raw release full_path_cpu_orientation 1920x1080 show: 19596,21800,19649,25593,18810,20916,26162,19437,22666,18768,24364,22605,14288,28347,17974,19568,22753,14823,27896,21183,18639,20892,13647,28415,18491,20880,21660,14135,7988,12471,27238,17887,22997,18423,21406,25411,13175,9245,19638,26724,16353,27675,21983,16910,27914,13454,23768,16223,23514,17133,20128,27598,18758,24295,17375,20482,26679,18974,22604,18507
VIEW-04 raw release full_path_cpu_orientation 1920x1080 total: 147612,147964,148304,147138,148096,148230,147923,148098,147655,147749,148225,147840,145187,150718,147645,148214,147928,145898,150230,147760,148024,148010,145181,150621,147175,148958,147458,145411,129876,119228,148667,147787,147718,148222,147980,148755,145714,128844,134412,149591,146163,149784,147649,146779,149398,145789,146423,118472,148291,147694,146602,149569,147781,147819,148018,145337,150685,147803,147378,148549
VIEW-04 raw release full_path_cpu_orientation 1920x1080 raster: 4624,5029,4832,4980,4471,4619,4871,4827,4890,4326,4558,4778,4389,5534,4726,4499,5002,4560,4634,4688,4550,4812,4600,4662,4697,4608,4816,4644,3138,4638,4851,4869,4893,4720,4614,6675,4620,3587,4722,6972,4404,5001,4660,4579,4841,4643,3862,4611,4922,4618,4519,4926,4591,4981,4747,4657,4717,4589,4886
VIEW-04 result: {"card":"VIEW-04","build_mode":"release","scenario":"full_path_draw_orientation","width":1920,"height":1080,"samples":60,"orientation":"canvas","import_median_ms":8.565,"import_p90_ms":9.449,"rotate_median_ms":0.004,"rotate_p90_ms":0.004,"flip_median_ms":0.001,"flip_p90_ms":0.001,"convert_median_ms":31.865,"convert_p90_ms":34.668,"texture_median_ms":37.441,"texture_p90_ms":39.528,"work_median_ms":78.604,"work_p90_ms":81.835,"show_median_ms":20.372,"show_p90_ms":25.423,"total_median_ms":98.508,"total_p90_ms":101.466,"frame_timings_in_window":60,"raster_median_ms":4.632,"raster_p90_ms":4.88,"build_median_ms":7.808}
VIEW-04 raw release full_path_draw_orientation 1920x1080 import: 9624,8316,9895,7765,8046,9678,8353,8258,8067,8996,8782,9449,9092,9266,8945,8886,8659,8045,9866,8242,7084,8577,5985,8715,8632,8544,7661,9478,7735,8347,8565,8894,5609,8720,7076,8482,7273,6808,6785,7928,8322,8590,8258,9485,8678,9074,8495,8735,7284,8870,8408,7153,8390,8259,9068,7683,8637,8853,8790,9155
VIEW-04 raw release full_path_draw_orientation 1920x1080 rotate: 4,4,4,4,4,5,4,4,4,3,4,3,4,3,5,4,4,4,5,4,4,4,3,4,3,3,3,3,4,4,3,5,4,3,3,4,4,3,3,4,3,4,3,4,3,4,4,3,3,4,3,3,2,3,4,3,4,4,3,3
VIEW-04 raw release full_path_draw_orientation 1920x1080 flip: 1,1,0,0,1,1,1,0,1,1,1,1,0,1,0,1,0,0,0,1,1,0,0,0,1,1,1,1,0,0,1,0,0,1,1,0,0,1,1,0,1,0,0,0,1,1,1,1,0,1,1,1,1,0,0,1,0,1,1,1
VIEW-04 raw release full_path_draw_orientation 1920x1080 convert: 33020,31316,33340,32925,33611,35107,33534,33763,29381,34441,31120,30444,31611,31111,31440,30764,33644,33132,34025,34007,30069,34668,30975,32968,31223,33947,29477,31835,29613,32103,31739,33600,31790,35037,31865,35160,30553,36687,33121,30394,31236,31598,31387,31030,30646,31856,33577,34183,32483,35282,34618,30375,34675,30667,33298,30110,31314,32201,31686,31060
VIEW-04 raw release full_path_draw_orientation 1920x1080 texture: 37179,36327,38155,35341,39940,37603,36712,36812,37183,36227,37356,36289,37737,37109,39390,39734,39528,39923,37942,37441,37866,36903,37441,37171,37030,37689,37137,37920,35507,36940,37448,38821,38415,39141,36413,38325,36064,35971,40470,40329,38912,39507,37154,37874,37657,37031,38012,38023,37343,38236,39792,38515,36580,37246,36975,36041,37535,37086,36405,37259
VIEW-04 raw release full_path_draw_orientation 1920x1080 work: 79828,75964,81394,76035,81602,82394,78604,78837,74636,79668,77263,76186,78444,77490,79780,79389,81835,81104,81838,79695,75024,80152,74404,78858,76889,80184,74279,79237,72859,77394,77756,81320,75818,82902,75358,81971,73894,79470,80380,78655,78474,79699,76802,78393,76985,77966,80089,80945,77113,82393,82822,76047,79648,76175,79345,73838,77490,78145,76885,77478
VIEW-04 raw release full_path_draw_orientation 1920x1080 show: 16369,25915,14564,22849,19425,15464,20868,16721,27058,17953,20252,24008,20210,20150,18472,20904,14152,20372,16286,16817,23542,18821,24138,19650,23553,16337,26710,18163,25152,20543,23727,13881,25717,13191,24873,15239,27428,18806,16430,21684,20545,18923,21008,19532,22895,19271,20491,15251,24081,16160,13229,24654,16725,25423,16840,27628,20446,20715,20681,20588
VIEW-04 raw release full_path_draw_orientation 1920x1080 total: 96197,101879,95958,98884,101027,97858,99472,95558,101694,97621,97515,100194,98654,97640,98252,100293,95987,101476,98124,96512,98566,98973,98542,98508,100442,96521,100989,97400,98011,97937,101483,95201,101535,96093,100231,97210,101322,98276,96810,100339,99019,98622,97810,97925,99880,97237,100580,96196,101194,98553,96051,100701,96373,101598,96185,101466,97936,98860,97566,98066
VIEW-04 raw release full_path_draw_orientation 1920x1080 raster: 4493,4861,4150,4461,4819,4544,4837,3933,4658,4650,4880,4881,4988,4716,4830,4595,4309,4738,4632,4011,4617,4179,4742,4118,4493,3976,4491,4124,4247,4760,4406,3829,4701,3971,5114,4075,4863,4760,4181,4697,4757,4482,4692,4661,4693,4554,4709,4148,5050,4490,4126,5129,4145,4704,3936,4915,4665,4751,4579,4581
VIEW-04 done mode=release
