[IMPORTANT:flutter/shell/platform/android/android_context_vk_impeller.cc(62)] Using the Impeller rendering backend (Vulkan).
[IMPORTANT:flutter/shell/platform/android/android_context_gl_impeller.cc(104)] Using the Impeller rendering backend (OpenGLES).
VIEW-04 result: {"card":"VIEW-04","build_mode":"release","scenario":"bgra_path","width":720,"height":480,"samples":60,"texture_width":720,"texture_height":480,"texture_bytes":1382400,"convert_median_ms":2.427,"convert_p90_ms":4.284,"buffer_median_ms":0.729,"buffer_p90_ms":0.99,"codec_median_ms":0.016,"codec_p90_ms":0.022,"image_median_ms":3.727,"image_p90_ms":5.038,"show_median_ms":9.728,"show_p90_ms":10.384,"total_median_ms":16.451,"total_p90_ms":16.868,"frame_timings_in_window":45,"raster_median_ms":1.579,"raster_p90_ms":1.689,"build_median_ms":0.509}
VIEW-04 raw release bgra_path 720x480 convert: 9345,6156,7247,6715,5725,8422,4284,2781,2491,2366,2358,2419,2382,2381,2271,2429,2345,2457,2413,2576,2474,2491,2276,2292,2442,2427,2374,2412,2384,2518,2615,2446,2507,2579,2340,2521,2407,2329,2421,2426,2430,2501,2399,2455,2501,2347,2766,2828,2310,2318,2316,2350,2414,2364,2684,2516,2376,2364,2386,2271
VIEW-04 raw release bgra_path 720x480 buffer: 1364,2033,1193,1859,1271,2760,990,753,699,754,706,692,683,726,685,684,693,695,699,758,754,865,709,684,724,693,674,729,682,745,796,736,773,745,730,856,719,725,729,695,675,745,736,730,734,686,847,828,677,752,717,701,786,723,925,731,683,655,683,684
VIEW-04 raw release bgra_path 720x480 codec: 23,24,21,23,25,31,22,18,25,16,15,16,17,16,16,16,16,15,15,19,16,19,16,14,16,16,16,17,16,17,16,16,15,15,15,16,15,16,18,14,16,16,17,17,16,16,19,20,16,16,15,17,16,16,18,15,16,21,15,22
VIEW-04 raw release bgra_path 720x480 image: 4693,5997,4631,5895,5223,5248,3727,5044,4563,4067,4352,3869,3787,3652,3442,4512,6805,4367,3634,5038,3809,3969,4062,4188,4578,3119,3227,3298,4318,3319,3762,3233,3308,3690,3194,3833,3205,3610,3291,3239,3256,3408,3143,3204,3402,3253,3917,4229,2831,3702,3076,3748,3115,3796,3797,3170,3313,3141,3163,3125
VIEW-04 raw release bgra_path 720x480 show: 17327,2339,3176,18418,4315,16886,7979,6422,8628,9227,8993,9468,9615,9641,10032,8774,7109,8439,9760,8107,9374,9006,9435,9281,8615,10179,10133,9934,9078,9905,9196,10051,9793,9475,10085,9236,10093,9740,9967,10088,10083,9783,11152,9048,9744,10384,8912,8292,10666,9572,10419,9617,10065,9969,8889,9728,10073,10255,10204,10353
VIEW-04 raw release bgra_path 720x480 total: 32752,16549,16268,32910,16559,33347,17002,15018,16406,16430,16424,16464,16484,16416,16446,16415,16968,15973,16521,16498,16427,16350,16498,16459,16375,16434,16424,16390,16478,16504,16385,16482,16396,16504,16364,16462,16439,16420,16426,16462,16460,16453,17447,15454,16397,16686,16461,16197,16500,16360,16543,16433,16396,16868,16313,16160,16461,16436,16451,16455
VIEW-04 raw release bgra_path 720x480 raster: 1736,1764,1689,1436,2009,2191,1635,1585,1600,1235,1541,1549,1571,1515,1529,1153,1651,1510,1579,1664,1594,1510,1531,1534,1560,1627,1636,1596,1457,1682,1590,1553,1603,1523,1485,1567,1590,1607,1562,1594,1500,1463,1628,1632,1536
VIEW-04 result: {"card":"VIEW-04","build_mode":"release","scenario":"redraw_same_image","width":720,"height":480,"samples":60,"show_median_ms":16.428,"show_p90_ms":17.023,"frame_timings_in_window":60,"raster_median_ms":16.293,"raster_p90_ms":17.154,"build_median_ms":3.289}
VIEW-04 raw release redraw_same_image 720x480 show: 16614,16483,16512,16410,16014,16388,17104,16098,16372,16596,16418,16623,16323,16594,16428,16191,16645,16162,16305,16349,16854,15975,16471,17378,15899,17023,15560,17110,16131,16917,16060,16086,16621,16513,16783,16413,16676,16218,15720,16694,17043,16280,16612,16153,16710,16329,16225,17182,15516,16501,16411,16392,16674,17023,16219,15589,16605,16825,16764,16326
VIEW-04 raw release redraw_same_image 720x480 raster: 17998,15049,15587,15562,16594,16081,16505,16812,17070,15634,16012,17439,15644,16809,16223,15778,16258,15792,16359,17919,15886,15906,16780,16009,16928,15390,16314,17554,15940,15584,16422,18230,14236,17015,16162,16305,16866,16101,16071,15981,16471,16636,16635,15201,16470,17060,16299,15591,16718,16017,16029,17387,16065,16492,16008,16293,15592,16799,17154,15264
VIEW-04 result: {"card":"VIEW-04","build_mode":"release","scenario":"planes_as_rgba_upload","width":720,"height":480,"samples":60,"texture_width":180,"texture_height":720,"texture_bytes":518400,"convert_median_ms":0.002,"convert_p90_ms":0.002,"buffer_median_ms":0.634,"buffer_p90_ms":0.709,"codec_median_ms":0.023,"codec_p90_ms":0.027,"image_median_ms":3.845,"image_p90_ms":4.919,"show_median_ms":11.97,"show_p90_ms":12.478,"total_median_ms":16.472,"total_p90_ms":16.695,"frame_timings_in_window":33,"raster_median_ms":4.203,"raster_p90_ms":4.497,"build_median_ms":3.503}
VIEW-04 raw release planes_as_rgba_upload 720x480 convert: 1,2,1,1,1,2,2,2,2,2,1,1,2,2,2,2,2,2,1,1,2,2,1,2,2,1,1,1,2,2,2,2,1,2,2,1,1,1,2,2,2,2,1,1,2,2,2,2,2,1,1,2,2,2,2,2,2,2,1,2
VIEW-04 raw release planes_as_rgba_upload 720x480 buffer: 732,625,604,631,616,621,639,680,624,617,621,638,688,660,773,724,664,634,668,611,620,703,631,643,597,629,680,700,729,581,596,646,592,614,699,640,622,636,622,626,613,647,631,777,666,779,612,598,618,617,661,661,618,596,611,685,643,642,554,709
VIEW-04 raw release planes_as_rgba_upload 720x480 codec: 23,22,22,21,26,21,21,21,23,25,23,22,23,22,23,28,23,22,21,24,23,31,23,23,23,23,20,21,22,21,54,24,23,23,27,25,22,28,24,23,23,20,24,33,24,22,22,24,23,27,23,23,24,22,24,22,22,24,21,27
VIEW-04 raw release planes_as_rgba_upload 720x480 image: 3956,3596,3863,4398,3754,3864,3975,3767,3793,5183,3429,3911,3786,3710,3855,4912,3510,4136,3752,3604,4005,3994,3840,4192,3426,5362,3416,3718,4713,3347,3358,4045,4948,3775,3998,3363,3507,3935,3666,3922,4899,3459,3746,3480,3691,3989,5034,4919,3761,3683,3968,4934,4383,3293,3696,3523,3845,5582,3353,4182
VIEW-04 raw release planes_as_rgba_upload 720x480 show: 11628,12113,12187,11283,12177,11802,11526,12215,12036,10637,12452,11455,12050,12288,11493,11083,12036,11695,11899,12275,11583,11606,12069,11438,12779,10183,12188,12090,10636,12846,12344,11755,10822,12082,11564,12439,12504,11627,12478,11632,10556,12611,11918,12192,12179,11408,10876,11001,12001,12192,11173,11025,11668,12570,11970,12347,11998,9566,13045,10894
VIEW-04 raw release planes_as_rgba_upload 720x480 total: 16340,16358,16677,16334,16574,16310,16163,16685,16478,16464,16526,16027,16549,16682,16146,16749,16235,16489,16341,16515,16233,16336,16564,16298,16827,16198,16305,16530,16102,16797,16354,16472,16386,16496,16290,16468,16656,16227,16792,16205,16093,16739,16320,16483,16562,16200,16546,16544,16405,16520,15826,16645,16695,16483,16303,16579,16510,15816,16974,15814
VIEW-04 raw release planes_as_rgba_upload 720x480 raster: 3959,4426,4016,4064,4278,4102,3926,4441,4264,4099,4497,4037,4682,4326,4049,4264,4277,4112,4500,4536,4138,4203,4386,3984,4285,4399,4119,4023,4022,4133,4235,4219,4054
VIEW-04 result: {"card":"VIEW-04","build_mode":"release","scenario":"bgra_path","width":1920,"height":1080,"samples":60,"texture_width":1920,"texture_height":1080,"texture_bytes":8294400,"convert_median_ms":36.491,"convert_p90_ms":38.122,"buffer_median_ms":5.567,"buffer_p90_ms":6.075,"codec_median_ms":0.018,"codec_p90_ms":0.028,"image_median_ms":32.124,"image_p90_ms":34.483,"show_median_ms":18.934,"show_p90_ms":23.283,"total_median_ms":83.385,"total_p90_ms":98.901,"frame_timings_in_window":60,"raster_median_ms":3.417,"raster_p90_ms":3.69,"build_median_ms":3.091}
VIEW-04 raw release bgra_path 1920x1080 convert: 37005,37626,36906,34969,33967,29586,37276,37968,38601,37403,36664,34897,33879,32607,34108,36831,33716,35112,29672,35212,28172,33644,32847,35661,39208,36949,35674,38122,37285,37417,38207,36312,18556,37462,26376,35649,34914,31018,18101,24253,37824,38253,38869,37718,37929,37073,37467,36755,28628,39527,37155,37468,36491,35048,33890,35433,37357,36742,31936,26603
VIEW-04 raw release bgra_path 1920x1080 buffer: 5679,5423,5577,5105,5005,4914,5828,5929,5801,5728,5567,5091,5039,5021,5398,5787,5600,5624,5051,4936,5522,5053,5099,5441,6213,5619,5521,6157,6026,5933,6083,5349,4508,5867,4886,5169,5094,5324,4194,4759,5902,6230,6268,5834,6009,5654,5722,5558,4930,6075,5713,5610,5350,5082,5050,5299,5731,5648,6577,4758
VIEW-04 raw release bgra_path 1920x1080 codec: 18,18,18,16,16,17,19,19,19,18,31,28,31,19,18,19,18,17,17,17,17,17,17,17,18,18,18,17,19,19,19,18,16,17,18,16,16,18,15,16,18,16,18,18,42,33,30,18,16,19,19,18,19,17,17,30,18,17,24,15
VIEW-04 raw release bgra_path 1920x1080 image: 32647,32004,32622,31187,31491,32018,32285,32259,32333,32605,32519,30996,31499,29209,35357,33923,32726,33447,33919,31588,30303,31452,32561,34530,31775,31934,32607,34805,35886,32541,32011,27416,29472,30686,31364,28587,31019,32420,29751,30393,32031,31965,31731,33084,32124,33567,34483,31772,31175,32607,33058,34010,32663,31573,31824,34863,34684,31730,32036,33075
VIEW-04 raw release bgra_path 1920x1080 show: 23173,23861,23635,10689,10935,16350,23382,22486,22081,22956,23981,10995,11736,15474,6919,5427,10490,7721,13727,10212,18295,12662,11583,22900,21363,7926,8353,19370,19567,23067,21995,11677,14577,7334,20870,11911,11219,12827,13648,24369,21915,22856,21094,22908,22381,22681,20830,7083,18242,20037,23283,21497,24017,10433,11287,23276,20753,7422,11170,18934
VIEW-04 raw release bgra_path 1920x1080 total: 98522,98932,98758,81966,81414,82885,98790,98661,98835,98710,98762,82007,82184,82330,81800,81987,82550,81921,82386,81965,82309,82828,82107,98549,98577,82446,82173,98471,98783,98977,98315,80772,67129,81366,83514,81332,82262,81607,65709,83790,97690,99320,97980,99562,98485,99008,98532,81186,82991,98265,99228,98603,98540,82153,82068,98901,98543,81559,81743,83385
VIEW-04 raw release bgra_path 1920x1080 raster: 3535,3509,3369,3508,2980,3589,3891,3782,3859,3645,3690,3488,3267,3210,3067,2899,3220,3060,3230,2674,3059,3434,3314,3463,3377,3327,3266,3262,3235,3578,3318,2080,3417,2405,3455,3073,2852,2658,2325,3712,3439,3582,3671,3640,3657,3671,3580,2803,3714,3403,3619,3649,3653,3329,3303,4421,3656,2982,2750,3594
VIEW-04 result: {"card":"VIEW-04","build_mode":"release","scenario":"redraw_same_image","width":1920,"height":1080,"samples":60,"show_median_ms":16.406,"show_p90_ms":16.869,"frame_timings_in_window":35,"raster_median_ms":16.094,"raster_p90_ms":17.291,"build_median_ms":4.464}
VIEW-04 raw release redraw_same_image 1920x1080 show: 16433,16305,16477,16085,17628,15617,16701,16078,16090,16480,16966,16349,16318,16025,16877,16363,16869,16213,16888,15917,16059,16862,16171,17281,15939,16129,16808,16335,16425,16767,16036,16291,16399,16445,16468,16609,16229,16404,16506,16502,16387,16658,16253,16415,16577,16406,16305,16685,16522,16044,16592,16402,16249,16749,16314,16498,16999,16179,16462,16334
VIEW-04 raw release redraw_same_image 1920x1080 raster: 16991,16078,15514,17349,15389,17067,16055,15989,16744,15630,17765,15897,15927,16950,15436,17291,15532,16720,15860,16094,16602,16750,15934,16097,17053,15858,15765,18200,14528,16520,15709,16480,15890,16410,16199
VIEW-04 result: {"card":"VIEW-04","build_mode":"release","scenario":"planes_as_rgba_upload","width":1920,"height":1080,"samples":60,"texture_width":480,"texture_height":1620,"texture_bytes":3110400,"convert_median_ms":0.001,"convert_p90_ms":0.002,"buffer_median_ms":3.309,"buffer_p90_ms":3.583,"codec_median_ms":0.032,"codec_p90_ms":0.04,"image_median_ms":15.917,"image_p90_ms":20.731,"show_median_ms":14.495,"show_p90_ms":22.675,"total_median_ms":32.922,"total_p90_ms":49.074,"frame_timings_in_window":60,"raster_median_ms":4.115,"raster_p90_ms":4.711,"build_median_ms":4.199}
VIEW-04 raw release planes_as_rgba_upload 1920x1080 convert: 2,2,2,2,2,3,2,2,2,2,1,2,1,1,1,1,2,2,2,2,2,1,1,1,1,1,1,1,1,1,1,1,2,1,1,2,1,1,1,1,1,1,1,1,1,1,1,1,1,1,1,1,1,1,1,2,1,1,1,1
VIEW-04 raw release planes_as_rgba_upload 1920x1080 buffer: 3546,3426,3528,3618,3637,3515,3552,3169,3555,3482,3562,3511,3583,3408,3589,3523,3506,3590,3635,3647,3550,3222,3237,3216,3354,3208,3346,3406,3386,3220,3302,3291,3233,3157,3233,3309,3241,3306,3331,3231,3266,3182,3288,3342,3291,3199,3157,3278,3194,3316,3243,3229,3193,3227,3217,3213,3321,3195,3346,3239
VIEW-04 raw release planes_as_rgba_upload 1920x1080 codec: 42,36,45,44,35,26,34,28,29,40,35,29,40,38,44,33,41,45,28,35,30,32,27,28,32,26,36,34,31,33,29,30,29,27,26,37,33,26,29,32,29,26,28,39,32,30,28,32,28,36,32,33,32,30,32,39,32,39,27,39
VIEW-04 raw release planes_as_rgba_upload 1920x1080 image: 20703,23149,20731,23416,21607,22458,19502,21863,19174,17597,19693,18395,18050,19588,19867,17200,19556,24858,20047,19470,18830,16697,15578,15126,14135,15179,14977,13583,15580,16395,14751,15184,14622,14934,14885,14349,19235,14533,14706,15049,14341,15089,18361,14397,14988,16420,15461,14552,17847,14437,15118,16088,15917,15044,15311,15055,15053,15247,14824,19378
VIEW-04 raw release planes_as_rgba_upload 1920x1080 show: 24755,23170,25013,22170,23793,22675,8887,8453,9838,11931,9634,10331,11752,10015,8982,11938,10625,21521,25830,26118,8655,13001,14164,14551,15150,14536,14418,16221,13494,13046,15316,14316,14797,14776,14894,15055,10066,15349,14829,14455,15162,14612,11487,15000,14382,13366,13923,15123,11887,15138,14495,13415,13738,14571,14375,14524,14374,14495,14530,10098
VIEW-04 raw release planes_as_rgba_upload 1920x1080 total: 49048,49783,49319,49250,49074,48677,31977,33515,32598,33052,32925,32268,33426,33050,32483,32695,33730,50016,49542,49272,31067,32953,33007,32922,32672,32950,32778,33245,32492,32695,33399,32822,32683,32895,33039,32752,32576,33215,32896,32768,32799,32910,33165,32779,32694,33016,32570,32986,32957,32928,32889,32766,32881,32873,32936,32833,32781,32977,32728,32755
VIEW-04 raw release planes_as_rgba_upload 1920x1080 raster: 4528,4748,4526,4972,4711,4513,3876,4657,4601,4505,4579,4641,4614,4651,4534,4686,8875,5192,4917,6170,3690,4115,3949,4019,3933,4036,4045,4368,4032,3629,4237,3950,3604,4196,4396,3688,3793,4260,4021,4075,4095,4357,4380,4088,3956,3993,3977,3904,4369,4214,4053,3995,4098,4035,3983,4264,3848,4086,3932,3859
VIEW-04 done mode=release
