[IMPORTANT:flutter/shell/platform/android/android_context_vk_impeller.cc(62)] Using the Impeller rendering backend (Vulkan).
[IMPORTANT:flutter/shell/platform/android/android_context_gl_impeller.cc(104)] Using the Impeller rendering backend (OpenGLES).
VIEW-04 result: {"card":"VIEW-04","build_mode":"release","scenario":"bgra_path","width":720,"height":480,"samples":60,"texture_width":720,"texture_height":480,"texture_bytes":1382400,"convert_median_ms":2.647,"convert_p90_ms":5.174,"buffer_median_ms":0.798,"buffer_p90_ms":1.088,"codec_median_ms":0.017,"codec_p90_ms":0.023,"image_median_ms":4.085,"image_p90_ms":5.181,"show_median_ms":8.855,"show_p90_ms":10.073,"total_median_ms":16.438,"total_p90_ms":16.711,"frame_timings_in_window":47,"raster_median_ms":1.634,"raster_p90_ms":2.028,"build_median_ms":0.563}
VIEW-04 raw release bgra_path 720x480 convert: 5174,7801,4546,5267,8120,5383,5775,7298,4424,2850,2574,2495,2555,2545,2545,2771,2436,2790,2963,2410,2444,2527,2451,2655,2510,2627,2742,2535,2867,2751,2450,2647,2849,2435,2885,2905,2464,2409,2446,2702,2753,2497,2777,2585,2384,2517,2545,2756,2921,2496,2486,2463,2822,2948,2769,2418,2910,2516,2384,2501
VIEW-04 raw release bgra_path 720x480 buffer: 1088,1079,1776,1121,1201,1954,1217,2837,1065,691,787,674,721,727,670,803,682,855,887,656,759,734,716,802,788,828,935,717,830,821,669,868,791,671,876,901,671,798,773,865,887,716,899,792,662,714,735,826,680,647,670,808,932,927,907,673,867,710,655,683
VIEW-04 raw release bgra_path 720x480 codec: 20,19,21,21,24,34,24,26,21,15,16,15,16,15,15,16,16,20,21,16,17,15,15,16,15,18,18,16,19,20,15,27,16,15,28,20,20,16,19,21,21,17,19,16,16,16,16,21,15,15,15,15,23,22,19,16,22,15,16,15
VIEW-04 raw release bgra_path 720x480 image: 4690,4941,7586,4667,5181,6370,5588,4133,4458,3574,4236,4971,3612,3943,5083,3526,3688,5693,4512,4186,4419,5313,4681,4109,4812,5566,4040,3338,4301,3715,3359,4341,3566,3194,4085,4362,3595,3403,3348,4441,4028,3329,3990,2922,3673,3351,3445,4699,3166,3374,3642,3453,4708,4613,3709,3249,4265,3292,3267,3503
VIEW-04 raw release bgra_path 720x480 show: 5528,2461,2592,5603,18084,19377,3632,2079,7865,7635,8773,8312,9564,9156,8368,9034,9809,7120,8068,8954,8887,7794,8614,8837,8313,7498,8568,10037,8334,8953,9923,8855,8905,10385,8563,8355,9324,9820,10125,8362,8488,9836,10285,8590,9702,9858,9957,8098,9532,9803,9668,9899,7987,7818,8786,10374,8119,9864,10073,9808
VIEW-04 raw release bgra_path 720x480 total: 16500,16301,16521,16679,32610,33118,16236,16373,17833,14765,16386,16467,16468,16386,16681,16150,16631,16478,16451,16222,16526,16383,16477,16419,16438,16537,16303,16643,16351,16260,16416,16738,16127,16700,16437,16543,16074,16446,16711,16391,16177,16395,17970,14905,16437,16456,16698,16400,16314,16335,16481,16638,16472,16328,16190,16730,16183,16397,16395,16510
VIEW-04 raw release bgra_path 720x480 raster: 2028,1629,1789,1764,1739,2208,2094,1834,2001,1600,1351,1635,1610,1483,1965,1553,1591,2028,1517,1534,1574,1537,1603,1568,1579,1873,1634,1948,1949,1452,1646,2073,1550,1961,2065,1448,1558,1571,1861,1946,1628,1674,1763,1570,1623,1620,1968
VIEW-04 result: {"card":"VIEW-04","build_mode":"release","scenario":"redraw_same_image","width":720,"height":480,"samples":60,"show_median_ms":16.457,"show_p90_ms":16.972,"frame_timings_in_window":60,"raster_median_ms":16.383,"raster_p90_ms":17.325,"build_median_ms":3.246}
VIEW-04 raw release redraw_same_image 720x480 show: 15738,16253,16528,16326,16972,16108,17095,15806,16743,14107,17541,16396,17467,16148,16337,17184,16405,15937,16488,16879,15853,17102,15652,16586,16868,16182,16231,16500,16183,17000,16509,16175,16630,16689,15544,16766,16674,16572,16170,16311,16584,16657,16253,16685,16515,15671,16912,16453,16355,16457,16411,16657,16215,16724,16595,16347,15942,16617,16217,16320
VIEW-04 raw release redraw_same_image 720x480 raster: 15443,17152,16535,15277,16463,17265,14492,16300,13923,17930,18047,16175,15529,16536,17091,16810,16482,15428,17469,14645,17601,16691,15211,16689,15200,16556,16732,16260,16019,17016,16451,16079,17409,16017,14939,17047,15740,16383,17136,15785,16352,16551,16044,16797,16267,15796,15692,17325,15723,17091,15518,16302,17510,14959,17006,16620,15953,15705,17118,15312
VIEW-04 result: {"card":"VIEW-04","build_mode":"release","scenario":"planes_as_rgba_upload","width":720,"height":480,"samples":60,"texture_width":180,"texture_height":720,"texture_bytes":518400,"convert_median_ms":0.001,"convert_p90_ms":0.002,"buffer_median_ms":0.636,"buffer_p90_ms":0.693,"codec_median_ms":0.024,"codec_p90_ms":0.026,"image_median_ms":3.831,"image_p90_ms":4.264,"show_median_ms":11.952,"show_p90_ms":12.304,"total_median_ms":16.413,"total_p90_ms":16.653,"frame_timings_in_window":33,"raster_median_ms":4.453,"raster_p90_ms":4.785,"build_median_ms":3.67}
VIEW-04 raw release planes_as_rgba_upload 720x480 convert: 1,1,1,1,2,1,1,1,1,1,1,1,1,1,2,1,2,1,1,1,2,2,2,1,2,1,1,1,1,1,1,1,1,2,1,2,1,2,1,2,1,2,2,1,1,1,2,2,2,1,1,1,1,1,1,1,2,1,2,1
VIEW-04 raw release planes_as_rgba_upload 720x480 buffer: 645,598,644,619,618,635,641,672,746,776,657,649,595,629,646,622,649,630,626,636,693,608,817,681,751,629,633,633,629,639,663,623,622,636,668,620,642,724,670,630,612,657,629,619,631,637,615,662,615,629,651,624,692,700,623,652,618,623,664,638
VIEW-04 raw release planes_as_rgba_upload 720x480 codec: 23,23,22,24,43,21,23,26,24,26,90,25,22,24,24,23,25,24,23,23,26,33,25,24,24,92,23,24,22,23,22,25,25,21,26,23,25,23,23,22,23,24,24,23,30,22,24,26,26,24,23,21,25,25,25,27,26,22,23,22
VIEW-04 raw release planes_as_rgba_upload 720x480 image: 3671,3577,3779,3808,4213,3699,3521,3578,4081,3656,4109,3566,3694,3837,7712,3611,5706,3362,3558,6665,5114,3493,3666,3580,4092,4012,3831,4421,4129,3594,3865,4073,4133,4087,3622,3939,4302,3691,3589,3851,3738,4141,4055,3722,3769,3875,3756,4084,3704,3946,3800,3465,3733,3879,3949,4250,3882,3754,4264,3819
VIEW-04 raw release planes_as_rgba_upload 720x480 show: 12111,12355,11963,11952,11448,12111,12154,12452,11335,11998,11726,12046,12132,11905,8134,12017,10144,12429,12304,9352,10364,12107,11808,12528,11425,11605,11998,11245,11643,12354,11860,11481,11836,11656,12091,11937,11268,12195,11889,12148,12160,11461,11578,12143,11982,11871,12222,11623,11826,11965,11952,12036,12282,11725,11977,11311,11796,12350,11079,12178
VIEW-04 raw release planes_as_rgba_upload 720x480 total: 16451,16554,16409,16404,16324,16467,16340,16729,16187,16457,16583,16287,16444,16396,16518,16274,16526,16446,16512,16677,16199,16243,16318,16814,16294,16339,16486,16324,16424,16611,16411,16203,16617,16402,16408,16521,16238,16635,16172,16653,16534,16285,16288,16508,16413,16406,16619,16397,16173,16565,16427,16147,16733,16330,16575,16241,16324,16750,16032,16658
VIEW-04 raw release planes_as_rgba_upload 720x480 raster: 4216,4439,4416,4203,4420,4177,4552,4459,4993,4318,4516,4195,4281,4597,4521,4279,4239,4178,4969,4467,4512,4077,4785,4626,4516,4812,4446,4371,4124,4504,4680,4530,4453
VIEW-04 result: {"card":"VIEW-04","build_mode":"release","scenario":"full_path_cpu_orientation","width":720,"height":480,"samples":60,"orientation":"cpu","import_median_ms":0.716,"import_p90_ms":0.84,"rotate_median_ms":7.168,"rotate_p90_ms":8.27,"flip_median_ms":2.977,"flip_p90_ms":3.635,"convert_median_ms":3.51,"convert_p90_ms":4.185,"texture_median_ms":8.656,"texture_p90_ms":9.962,"work_median_ms":23.019,"work_p90_ms":26.057,"show_median_ms":9.94,"show_p90_ms":12.855,"total_median_ms":32.9,"total_p90_ms":33.251,"frame_timings_in_window":51,"raster_median_ms":2.739,"raster_p90_ms":3.026,"build_median_ms":2.075}
VIEW-04 raw release full_path_cpu_orientation 720x480 import: 715,680,565,859,715,613,804,890,599,704,639,622,791,641,750,716,587,870,788,692,761,891,711,783,738,661,775,636,733,750,697,818,702,603,798,686,596,869,738,634,719,731,635,652,629,799,841,701,757,673,608,840,794,622,751,665,760,718,676,792
VIEW-04 raw release full_path_cpu_orientation 720x480 rotate: 6039,7036,5599,8016,7494,6553,7055,7328,5580,7838,7031,6702,7909,7452,6194,7216,6155,8022,8270,7179,6490,9256,6604,7777,8016,6948,7825,7176,6185,7870,6483,7260,8306,6831,6941,7083,5548,8586,7500,6913,7676,8710,6266,7128,6232,7618,8248,7168,6664,7168,5669,8574,7475,6513,7999,6702,5884,8631,6367,7216
VIEW-04 raw release full_path_cpu_orientation 720x480 flip: 2372,2593,2371,3302,3019,2794,3080,2836,2498,3238,2401,2608,3830,2309,2722,3630,2891,2866,3896,2276,2559,3907,2436,3201,3635,2673,3261,2583,2805,4094,3180,3075,3379,3050,2899,2834,2298,3146,3454,2942,3601,3156,2900,3059,3373,3216,3796,2646,2643,2688,2621,3129,3432,2500,3227,2531,2289,3806,3166,2977
VIEW-04 raw release full_path_cpu_orientation 720x480 convert: 3156,3380,3803,3619,3988,3060,3447,3298,3048,3464,3082,3561,3970,2988,3128,4185,3510,3721,4416,2900,3265,4390,3249,3436,4173,3450,4002,2961,3138,4684,3571,3450,4400,3756,3532,3373,3206,3565,3927,3539,3870,4190,3244,3427,3718,3802,4544,3401,3373,3354,3538,3469,3977,3390,3964,3044,2964,3862,3589,3409
VIEW-04 raw release full_path_cpu_orientation 720x480 texture: 7890,9510,8598,10577,8945,6995,7847,8528,7744,9190,6815,8838,8488,8656,7449,10437,7989,10156,8382,8098,10814,9632,7266,9257,9495,7725,8084,8632,7432,9962,8790,9002,9052,8779,7965,8201,7778,9006,9212,8996,8709,10467,7529,9333,8449,10116,8593,8953,7919,9126,7305,8912,8112,9213,8427,8109,7660,9798,8130,8854
VIEW-04 raw release full_path_cpu_orientation 720x480 work: 20172,23199,20936,26373,24161,20015,22233,22880,19469,24434,19968,22331,24988,22046,20243,26184,21132,25635,25752,21145,23889,28076,20266,24454,26057,21457,23947,21988,20293,27360,22721,23605,25839,23019,22135,22177,19426,25172,24831,23024,24575,27254,20574,23599,22401,25551,26022,22869,21356,23009,19741,24924,23790,22238,24368,21051,19557,26815,21928,23248
VIEW-04 raw release full_path_cpu_orientation 720x480 show: 12728,9360,12668,6317,8372,13023,10388,9885,13852,8195,12974,10844,7645,10817,12855,6271,12184,7235,7499,10980,9268,4464,12773,8474,6678,11736,8657,10951,12678,5221,10423,9326,6707,10259,10810,10246,13695,7647,8012,9940,8241,5491,12682,8737,10882,7444,6568,10025,11868,9359,13453,7728,8938,10810,8513,11804,13443,5767,11172,9872
VIEW-04 raw release full_path_cpu_orientation 720x480 total: 32900,32559,33604,32690,32533,33038,32621,32765,33321,32629,32942,33175,32633,32863,33098,32455,33316,32870,33251,32125,33157,32540,33039,32928,32735,33193,32604,32939,32971,32581,33144,32931,32546,33278,32945,32423,33121,32819,32843,32964,32816,32745,33256,32336,33283,32995,32590,32894,33224,32368,33194,32652,32728,33048,32881,32855,33000,32582,33100,33120
VIEW-04 raw release full_path_cpu_orientation 720x480 raster: 2449,2567,3115,2643,2679,2971,2718,2644,2983,2398,2668,2975,2572,2666,2724,2583,3052,3073,2782,2845,3297,2685,2928,2991,2522,2941,2629,2687,2782,2762,2861,2969,2661,2928,2739,2454,3064,2855,2674,2918,2944,2670,2635,2467,2901,2976,2630,2858,2642,2411,3026
VIEW-04 result: {"card":"VIEW-04","build_mode":"release","scenario":"full_path_draw_orientation","width":720,"height":480,"samples":60,"orientation":"canvas","import_median_ms":1.754,"import_p90_ms":4.143,"rotate_median_ms":0.002,"rotate_p90_ms":0.003,"flip_median_ms":0.0,"flip_p90_ms":0.001,"convert_median_ms":6.279,"convert_p90_ms":9.538,"texture_median_ms":7.813,"texture_p90_ms":11.667,"work_median_ms":16.42,"work_p90_ms":23.673,"show_median_ms":15.615,"show_p90_ms":21.168,"total_median_ms":32.664,"total_p90_ms":33.883,"frame_timings_in_window":58,"raster_median_ms":3.492,"raster_p90_ms":4.041,"build_median_ms":3.353}
VIEW-04 raw release full_path_draw_orientation 720x480 import: 1994,815,2246,1006,2130,813,4221,822,3113,956,3776,938,3142,788,3106,941,3641,762,6122,904,1050,4143,836,2996,1077,1730,965,3728,827,4582,871,3930,969,3402,894,3558,832,3254,1086,3807,1053,3449,822,4826,817,2089,2156,3805,887,4052,933,1754,1003,4643,864,2074,923,3818,1100,4700
VIEW-04 raw release full_path_draw_orientation 720x480 rotate: 1,2,2,1,2,1,4,2,2,2,4,1,2,2,3,2,3,2,3,3,2,2,1,2,1,2,2,5,2,3,1,3,2,3,2,5,2,2,2,3,1,2,2,5,2,2,2,3,2,3,2,2,2,3,1,2,1,4,3,3
VIEW-04 raw release full_path_draw_orientation 720x480 flip: 0,0,0,1,1,1,0,1,1,0,0,1,1,0,1,0,1,0,0,1,0,0,1,0,1,1,0,0,0,0,1,0,0,0,0,0,0,1,0,0,1,1,0,0,0,0,0,1,0,0,0,1,1,1,1,1,1,1,0,1
VIEW-04 raw release full_path_draw_orientation 720x480 convert: 5098,4145,7867,5863,9856,4582,7957,5604,8781,5847,10147,5073,8885,4435,5955,5779,10823,3949,4422,7184,5514,8966,4861,8779,6424,10083,5520,7853,4446,10671,5086,7521,5800,8564,4523,8251,5688,12025,6025,6875,6279,8995,4576,9538,4527,6065,5830,7869,4609,8306,5557,9063,5914,9518,5016,9477,4579,7892,6285,8884
VIEW-04 raw release full_path_draw_orientation 720x480 texture: 12736,6498,7813,7106,11667,6409,9463,6983,10854,6860,12036,6657,11011,6583,8548,6844,12131,6073,6695,8328,8038,9688,6179,10769,7133,11590,6849,11140,6688,10604,6824,10886,7444,11704,6494,10006,7287,11830,7249,10502,7069,11679,6397,9318,5981,6837,6941,11507,7424,9139,6915,10670,6453,7614,7972,9396,7146,9524,6896,8344
VIEW-04 raw release full_path_draw_orientation 720x480 work: 19829,11460,17928,13977,23656,11806,21645,13412,22751,13665,25963,12670,23041,11808,17613,13566,26599,10786,17242,16420,14604,22799,11878,22546,14636,23406,13336,22726,11963,25860,12783,22340,14215,23673,11913,21820,13809,27112,14362,21187,14403,24126,11797,23687,11327,14993,14929,23185,12922,21500,13407,21490,13373,21779,13854,20950,12650,21239,14284,21932
VIEW-04 raw release full_path_draw_orientation 720x480 show: 12331,5657,15356,18700,8518,22077,10338,20342,9649,19288,6678,20041,9417,4916,15615,18955,5705,5826,15888,16853,18870,9152,21765,10417,17669,9614,19328,9731,22128,6229,20364,10671,18638,8473,22091,10034,19901,22395,17830,12281,18266,7922,22165,7960,5461,18392,17644,9335,20970,10403,21168,10287,19181,10926,19955,10995,21113,11383,18179,10471
VIEW-04 raw release full_path_draw_orientation 720x480 total: 32160,17117,33284,32677,32174,33883,31983,33754,32400,32953,32641,32711,32458,16724,33228,32521,32304,16612,33130,33273,33474,31951,33643,32963,32305,33020,32664,32457,34091,32089,33147,33011,32853,32146,34004,31854,33710,49507,32192,33468,32669,32048,33962,31647,16788,33385,32573,32520,33892,31903,34575,31777,32554,32705,33809,31945,33763,32622,32463,32403
VIEW-04 raw release full_path_draw_orientation 720x480 raster: 2976,3337,3595,4055,3162,3567,3243,4098,3447,3492,3452,3453,3117,3128,3422,3251,2737,3129,3493,3615,4014,3047,4041,3755,3361,3414,4110,2838,3972,3213,3298,3503,3959,3093,4090,3247,3950,3797,3541,3505,3998,3182,3678,3135,3033,3659,3414,3212,4066,3330,3892,3655,3609,3265,3965,3296,4133,3699
VIEW-04 result: {"card":"VIEW-04","build_mode":"release","scenario":"full_path_cpu_orientation","width":720,"height":480,"samples":60,"orientation":"cpu","import_median_ms":0.735,"import_p90_ms":0.863,"rotate_median_ms":7.185,"rotate_p90_ms":8.292,"flip_median_ms":3.183,"flip_p90_ms":3.728,"convert_median_ms":3.611,"convert_p90_ms":4.327,"texture_median_ms":7.775,"texture_p90_ms":8.765,"work_median_ms":22.821,"work_p90_ms":25.25,"show_median_ms":10.675,"show_p90_ms":13.503,"total_median_ms":32.873,"total_p90_ms":33.692,"frame_timings_in_window":60,"raster_median_ms":2.796,"raster_p90_ms":3.069,"build_median_ms":2.505}
VIEW-04 raw release full_path_cpu_orientation 720x480 import: 811,758,608,891,626,762,770,568,863,814,546,783,626,764,721,591,685,822,591,697,879,673,744,925,586,780,624,675,731,739,662,739,585,778,706,562,817,767,608,861,683,604,746,638,758,839,652,735,866,657,749,750,671,821,599,595,991,607,653,970
VIEW-04 raw release full_path_cpu_orientation 720x480 rotate: 8283,6986,6071,8522,6287,6928,8104,5792,8292,7721,5771,8248,7240,6886,7274,6487,6671,8292,6219,7185,9332,6291,6722,8047,5957,8243,6898,6443,8157,7376,6383,8225,6466,7160,7570,5670,7837,8184,6113,8227,7836,6198,7698,7392,7137,8201,6167,6866,8383,6512,6549,8191,6266,7411,7441,6458,8417,6847,6187,8407
VIEW-04 raw release full_path_cpu_orientation 720x480 flip: 3386,2513,2520,3440,2975,3064,3849,2355,3448,3516,2766,3782,3113,3091,3202,3262,3330,3276,2778,2815,4029,2551,3182,3074,2687,3777,2910,2954,3951,3334,2951,3502,3060,3369,3640,2311,3220,3364,2542,3552,3625,2878,3124,3331,3133,3356,2730,3346,3728,3183,2960,3316,2945,3359,2991,2864,3604,2776,2980,3868
VIEW-04 raw release full_path_cpu_orientation 720x480 convert: 4419,3255,3024,4416,3508,3408,4444,3266,3740,4048,3113,3763,3838,3414,3809,3651,3537,4379,3302,3514,4729,3317,3386,4012,3314,3685,3573,3421,3963,3812,3300,4261,3883,3455,4078,3567,3563,4393,3280,3611,3997,3400,4054,4086,3471,4247,3432,3674,4327,3608,3385,4327,3514,3561,3859,3535,3688,3549,3335,3858
VIEW-04 raw release full_path_cpu_orientation 720x480 texture: 8193,9309,7357,8503,8193,8091,9494,7482,7799,9608,7370,7708,6985,8004,7847,7285,7604,10044,6842,7731,7825,9513,7438,7887,7211,8765,6979,7760,8258,8359,7775,7285,6569,8423,8017,7298,8583,10546,7524,7888,7615,7809,7526,8213,7441,8515,7091,7714,7586,7446,7247,7829,7209,8194,8226,7202,7660,7658,7189,7825
VIEW-04 raw release full_path_cpu_orientation 720x480 work: 25092,22821,19580,25772,21589,22253,26661,19463,24142,25707,19566,24284,21802,22159,22853,21276,21827,26813,19732,21942,26794,22345,21472,23945,19755,25250,20984,21253,25060,23620,21071,24012,20563,23185,24011,19408,24020,27254,20067,24139,23756,20889,23148,23660,21940,25158,20072,22335,24890,21406,20890,24413,20605,23346,23116,20654,24360,21437,20344,24928
VIEW-04 raw release full_path_cpu_orientation 720x480 show: 7697,9795,14486,5872,11467,10807,5692,14229,8371,6570,14171,8126,11224,10907,9370,11944,12041,4941,13503,11404,5348,10675,11365,8619,13599,7461,11827,12184,7356,9301,12615,7753,12876,9672,8269,14094,8853,5020,13749,8283,8876,12391,9312,9532,11336,6951,13116,10853,7282,11847,11911,8352,12480,9240,9621,13225,7707,11445,13427,6991
VIEW-04 raw release full_path_cpu_orientation 720x480 total: 32789,32616,34066,31644,33056,33060,32353,33692,32513,32277,33737,32410,33026,33066,32223,33220,33868,31754,33235,33346,32142,33020,32837,32564,33354,32711,32811,33437,32416,32921,33686,31765,33439,32857,32280,33502,32873,32274,33816,32422,32632,33280,32460,33192,33276,32109,33188,33188,32172,33253,32801,32765,33085,32586,32737,33879,32067,32882,33771,31919
VIEW-04 raw release full_path_cpu_orientation 720x480 raster: 2940,2698,3291,2577,2858,2957,2447,3058,2919,2374,2990,2579,2817,2777,2248,2745,3043,2308,2584,3210,2447,2822,3079,2299,3039,2663,2364,2975,2821,2568,2904,2455,2809,2762,2466,2968,2952,2438,2991,2856,2523,2833,2723,2871,3069,2500,2680,3117,2635,2796,2868,2639,2937,2754,2382,3281,2676,2598,3420,2614
VIEW-04 result: {"card":"VIEW-04","build_mode":"release","scenario":"full_path_draw_orientation","width":720,"height":480,"samples":60,"orientation":"canvas","import_median_ms":2.237,"import_p90_ms":5.332,"rotate_median_ms":0.003,"rotate_p90_ms":0.004,"flip_median_ms":0.0,"flip_p90_ms":0.001,"convert_median_ms":7.498,"convert_p90_ms":11.304,"texture_median_ms":8.875,"texture_p90_ms":11.969,"work_median_ms":21.262,"work_p90_ms":26.105,"show_median_ms":18.849,"show_p90_ms":22.268,"total_median_ms":32.984,"total_p90_ms":48.441,"frame_timings_in_window":60,"raster_median_ms":3.875,"raster_p90_ms":4.365,"build_median_ms":4.392}
VIEW-04 raw release full_path_draw_orientation 720x480 import: 863,4702,978,2840,902,5444,1251,2237,908,3188,1102,3046,895,4011,859,5445,852,4538,868,3350,1097,5579,772,2243,956,4571,1080,3822,988,5347,1239,3046,946,3138,1077,3125,1023,5125,848,5553,1080,5332,994,4918,1017,5500,912,2339,945,4684,850,4228,939,5207,1090,4801,827,4496,862,4592
VIEW-04 raw release full_path_draw_orientation 720x480 rotate: 2,4,1,5,2,2,2,3,2,2,4,4,3,5,1,3,2,3,2,4,2,3,1,3,1,4,3,4,2,3,2,3,4,3,2,5,3,3,2,4,2,3,3,4,3,3,1,2,2,4,1,4,2,3,1,4,2,4,2,4
VIEW-04 raw release full_path_draw_orientation 720x480 flip: 0,1,1,0,0,1,0,0,1,1,0,1,0,1,0,0,0,1,0,1,0,0,0,0,1,0,0,1,1,1,0,1,1,1,1,0,0,0,0,1,0,1,0,1,0,0,0,1,0,1,0,0,1,0,1,0,1,0,1,1
VIEW-04 raw release full_path_draw_orientation 720x480 convert: 5295,7498,5755,11327,4625,9779,4200,13384,5228,11519,6435,11545,4630,8922,4614,9800,4737,8724,4594,14681,6504,10005,4328,10330,5533,9802,6403,10806,5212,9810,4143,9208,5541,11371,6393,11304,5262,10534,4403,10227,6365,10108,5911,7702,5972,9335,4637,10644,4539,8076,4715,9434,5175,10010,4923,11264,4421,8203,4673,10259
VIEW-04 raw release full_path_draw_orientation 720x480 texture: 6772,12542,7156,11969,6804,10207,6909,9973,7702,13961,8615,10347,6750,11236,6711,9316,6178,11669,7491,8021,7355,9228,6105,8686,7416,12749,8503,9858,7144,10097,5483,9014,7739,12604,8312,10305,7155,10443,6794,10461,8875,12152,9883,10722,7227,10538,6826,10167,7104,12211,7202,10817,6623,10643,7989,8968,6493,11789,6936,9717
VIEW-04 raw release full_path_draw_orientation 720x480 work: 12932,24747,13891,26141,12333,25433,12362,25597,13841,28671,16156,24943,12278,24175,12185,24564,11769,24935,12955,26057,14958,24815,11206,21262,13907,27126,15989,24491,13347,25258,10867,21272,14231,27117,15785,24739,13443,26105,12047,26246,16322,27596,16791,23347,14219,25376,12376,23153,12590,24976,12768,24483,12740,25863,14004,25037,11744,24492,12474,24573
VIEW-04 raw release full_path_draw_orientation 720x480 show: 20729,7587,18849,6594,21404,7996,20291,6283,19280,21246,16071,7683,20576,8418,22114,7194,21244,7683,20224,24984,17037,6933,22236,11370,19464,22951,15707,8110,19702,8551,21905,10693,19019,22405,16452,8408,19177,6492,22268,22877,16672,20845,16700,9396,17767,7386,20907,9237,21735,6564,20480,8501,20087,23721,19475,6456,22536,7075,21159,7745
VIEW-04 raw release full_path_draw_orientation 720x480 total: 33661,32334,32740,32735,33737,33429,32653,31880,33121,49917,32227,32626,32854,32593,34299,31758,33013,32618,33179,51041,31995,31748,33442,32632,33371,50077,31696,32601,33049,33809,32772,31965,33250,49522,32237,33147,32620,32597,34315,49123,32994,48441,33491,32743,31986,32762,33283,32390,34325,31540,33248,32984,32827,49584,33479,31493,34280,31567,33633,32318
VIEW-04 raw release full_path_draw_orientation 720x480 raster: 4365,3576,3875,3650,4154,3548,4412,3279,4090,4008,3825,3518,4563,3301,4210,3533,3470,3578,4249,3963,4401,3236,4119,3842,4163,4174,3797,3475,4132,3266,4258,3837,3957,4063,3951,3854,3660,3553,4413,4198,4342,3668,4486,3968,3613,3638,4412,3253,4342,3594,3618,3760,4320,3755,4353,3454,4195,3685,4147,3400
VIEW-04 result: {"card":"VIEW-04","build_mode":"release","scenario":"bgra_path","width":1920,"height":1080,"samples":60,"texture_width":1920,"texture_height":1080,"texture_bytes":8294400,"convert_median_ms":35.141,"convert_p90_ms":37.492,"buffer_median_ms":6.97,"buffer_p90_ms":7.674,"codec_median_ms":0.025,"codec_p90_ms":0.026,"image_median_ms":33.733,"image_p90_ms":36.077,"show_median_ms":21.092,"show_p90_ms":24.689,"total_median_ms":98.621,"total_p90_ms":99.718,"frame_timings_in_window":55,"raster_median_ms":3.87,"raster_p90_ms":4.141,"build_median_ms":5.214}
VIEW-04 raw release bgra_path 1920x1080 convert: 30330,32544,35680,33749,34519,34810,34143,35527,36059,36592,36978,33839,37712,33063,38722,32117,30471,37492,33178,38950,32131,32950,38682,36105,36469,35825,33861,34572,35141,34651,35543,35450,33472,27737,33839,34360,34842,34801,35439,35895,36245,36769,35384,37922,35404,38632,32876,35022,37396,36587,36819,36296,34441,34892,34734,33290,31556,34692,35337,35584
VIEW-04 raw release bgra_path 1920x1080 buffer: 6871,6345,6914,6149,6346,6625,7076,6508,7015,7130,7509,7513,7470,6551,7951,6497,6465,7362,6501,8127,6892,7324,7846,7684,6983,6837,6610,6796,6377,6470,6918,6979,7014,6482,6983,6816,6803,6956,6380,7037,7273,7482,6970,7674,7585,8133,6713,7220,8236,7669,7031,7318,6957,6487,5049,6642,6674,6932,7152,7657
VIEW-04 raw release bgra_path 1920x1080 codec: 24,24,24,23,23,25,26,25,23,26,24,25,25,23,26,22,26,25,25,26,25,26,24,23,25,24,25,25,24,21,23,25,23,23,26,24,27,24,23,82,25,24,24,26,24,23,23,26,25,26,26,26,24,24,18,24,23,26,25,29
VIEW-04 raw release bgra_path 1920x1080 image: 33029,36978,34275,36586,34381,36710,33117,33852,34548,35103,34427,36077,34864,37122,34238,33928,34006,34072,34454,33339,33638,33640,32771,36085,33420,33433,33684,36777,34886,35958,33317,31723,31739,32649,33209,34100,33489,32806,31988,33055,33856,33181,31689,33173,33733,31162,33367,34089,33155,34577,34616,35952,33358,34343,31915,32480,32888,33589,36051,33418
VIEW-04 raw release bgra_path 1920x1080 show: 13393,23147,21801,22401,23016,20059,24926,22483,20978,19971,18364,22631,17197,23423,16188,9154,12748,18808,25643,17237,9428,25778,19165,18774,21944,22536,24689,20522,21905,21787,22926,6077,10214,15713,25800,23325,23583,24072,24858,22538,21092,19817,25839,18819,23034,18762,10122,23332,19030,20582,20129,18670,24361,22877,8670,11273,11130,23299,20587,21910
VIEW-04 raw release bgra_path 1920x1080 total: 83647,99038,98694,98908,98285,98229,99288,98395,98623,98822,97302,100085,97268,100182,97125,81718,83716,97759,99801,97679,82114,99718,98488,98671,98841,98655,98869,98692,98333,98887,98727,80254,82462,82604,99857,98625,98744,98659,98688,98607,98491,97273,99906,97614,99780,96712,83101,99689,97842,99441,98621,98262,99141,98623,80386,83709,82271,98538,99152,98598
VIEW-04 raw release bgra_path 1920x1080 raster: 3556,3703,3650,3906,3645,3812,3880,3899,3876,3875,3516,3932,3357,4022,3359,3105,3892,3493,5027,3700,3041,4084,4024,3871,3972,3979,3971,4141,3643,3781,3890,2961,3215,3402,3820,3870,3974,4188,4308,4182,4117,3725,4193,3939,3766,3470,3493,3935,3951,3934,3852,3599,3805,3855,3683
VIEW-04 result: {"card":"VIEW-04","build_mode":"release","scenario":"redraw_same_image","width":1920,"height":1080,"samples":60,"show_median_ms":16.462,"show_p90_ms":17.315,"frame_timings_in_window":56,"raster_median_ms":16.287,"raster_p90_ms":17.38,"build_median_ms":4.529}
VIEW-04 raw release redraw_same_image 1920x1080 show: 16264,16675,16347,15537,16450,17431,16219,15909,16341,16390,16788,16708,15989,16560,16235,16689,16837,16290,14873,17599,16643,14328,16803,16345,16904,16652,15985,17627,16686,16673,15351,15204,15455,16516,16386,16462,16301,16368,16263,16509,16479,16903,17290,16178,17245,15786,17669,15670,16975,15929,17721,15591,16619,17315,15537,17424,14260,17182,15799,16752
VIEW-04 raw release redraw_same_image 1920x1080 raster: 15353,15819,15035,16394,17380,16110,15720,16306,16264,16352,16466,16257,16154,16287,16174,16793,16926,15261,16385,16514,15632,17037,15606,17585,16912,15598,15635,16863,16293,17181,14749,17272,14862,16397,15990,16823,16096,15800,16666,16207,17157,17474,15217,17178,15647,17527,15813,17577,14743,17845,16252,15555,16778,16088,16512,15129
VIEW-04 result: {"card":"VIEW-04","build_mode":"release","scenario":"planes_as_rgba_upload","width":1920,"height":1080,"samples":60,"texture_width":480,"texture_height":1620,"texture_bytes":3110400,"convert_median_ms":0.001,"convert_p90_ms":0.001,"buffer_median_ms":3.275,"buffer_p90_ms":3.352,"codec_median_ms":0.03,"codec_p90_ms":0.035,"image_median_ms":15.759,"image_p90_ms":19.138,"show_median_ms":14.027,"show_p90_ms":16.151,"total_median_ms":32.892,"total_p90_ms":33.739,"frame_timings_in_window":60,"raster_median_ms":4.466,"raster_p90_ms":5.643,"build_median_ms":6.005}
VIEW-04 raw release planes_as_rgba_upload 1920x1080 convert: 1,1,1,1,1,1,1,1,1,1,1,1,1,1,1,1,1,1,1,1,1,1,1,1,1,1,1,1,1,1,1,1,1,1,1,1,1,1,1,1,1,1,1,1,1,1,1,1,1,1,1,1,1,1,1,1,1,1,1,1
VIEW-04 raw release planes_as_rgba_upload 1920x1080 buffer: 3276,3250,3267,3290,3288,3319,3309,3323,3280,3322,3380,3368,3229,3307,3142,3293,3300,3233,3309,3315,3365,3213,3237,3152,3226,3318,2812,1991,3115,3214,3328,3167,3261,3291,3429,3260,3235,3189,3296,3271,3143,3334,3196,3391,3305,3204,3437,3305,3352,2937,3275,3291,3195,3167,3343,3248,3230,2972,3215,3209
VIEW-04 raw release planes_as_rgba_upload 1920x1080 codec: 27,26,40,33,27,31,26,27,33,27,29,27,26,25,42,31,35,31,33,29,32,26,27,24,28,36,23,20,34,42,27,29,31,33,31,30,31,26,27,30,36,28,33,27,32,34,30,25,25,24,32,34,24,31,27,109,30,25,27,32
VIEW-04 raw release planes_as_rgba_upload 1920x1080 image: 15707,15789,16038,16129,19287,15258,15503,22471,16776,15258,19025,15718,15470,15066,15961,15555,15401,15856,17835,15759,19379,15371,16984,17243,15195,17668,15182,12950,14784,15395,15113,15102,15452,14654,14810,15200,16635,15791,14921,15594,15825,18687,16316,17334,16645,20491,19549,20398,16468,15275,17135,15138,15156,17871,15239,17503,19138,14017,15282,14941
VIEW-04 raw release planes_as_rgba_upload 1920x1080 show: 14129,13857,13429,13018,10629,14391,13779,24635,11764,14261,10199,13565,14063,14727,13668,14048,14053,13798,11462,13934,9839,14263,12688,12832,14196,10125,14027,19223,16151,14100,14636,14513,13808,14998,14987,13750,13263,13985,14414,13812,14734,9883,14081,12139,12152,27342,25623,25473,12090,15084,11990,14342,14782,11962,13842,12193,9814,16256,14518,14536
VIEW-04 raw release planes_as_rgba_upload 1920x1080 total: 33140,32923,32775,32471,33232,33000,32618,50457,31854,32869,32634,32679,32789,33126,32814,32928,32790,32919,32640,33038,32616,32874,32937,33252,32646,31148,32045,34185,34085,32752,33105,32812,32553,32977,33258,32241,33165,32992,32659,32708,33739,31933,33627,32892,32135,51072,48640,49202,31936,33321,32433,32806,33158,33032,32452,33054,32213,33271,33043,32719
VIEW-04 raw release planes_as_rgba_upload 1920x1080 raster: 4542,4569,4475,4136,4280,4377,8070,4720,4565,5643,4361,4423,4423,4423,4487,4459,4546,4351,4382,4535,4506,4589,4440,4295,4650,3678,3284,4493,4456,4472,4442,4564,4142,4756,4613,4293,4557,4359,4254,4436,4666,4277,7886,4822,4210,6398,8443,4738,4457,5698,4466,4504,4244,4647,8115,4274,4416,4452,4276,4288
VIEW-04 result: {"card":"VIEW-04","build_mode":"release","scenario":"full_path_cpu_orientation","width":1920,"height":1080,"samples":60,"orientation":"cpu","import_median_ms":9.139,"import_p90_ms":9.843,"rotate_median_ms":45.059,"rotate_p90_ms":48.155,"flip_median_ms":12.749,"flip_p90_ms":13.312,"convert_median_ms":17.478,"convert_p90_ms":17.97,"texture_median_ms":42.922,"texture_p90_ms":44.186,"work_median_ms":127.654,"work_p90_ms":131.773,"show_median_ms":19.858,"show_p90_ms":23.022,"total_median_ms":147.963,"total_p90_ms":149.226,"frame_timings_in_window":59,"raster_median_ms":4.364,"raster_p90_ms":4.782,"build_median_ms":6.287}
VIEW-04 raw release full_path_cpu_orientation 1920x1080 import: 8870,9008,8890,9411,9658,9684,9954,8841,9440,10028,8912,10475,9055,12636,9513,9091,8841,9843,9328,9063,9701,8887,9101,8855,9111,9228,8418,6380,9637,8438,9090,9171,9139,9051,9299,10141,9140,8825,8635,9510,9336,8965,8687,9071,8995,9060,9822,9512,9070,11312,9321,9339,9577,9803,7951,9029,9798,8974,9455,9044
VIEW-04 raw release full_path_cpu_orientation 1920x1080 rotate: 46325,47450,44335,49365,44675,42884,46791,45388,47253,44507,46353,47089,44463,47578,45172,46389,44273,43071,50278,45397,42620,45059,42715,48654,43623,48155,42663,35456,43941,47382,46643,43072,48370,44624,47583,46070,43000,49279,42850,47433,46377,42782,29464,43389,48924,44509,47221,44871,43632,45288,43113,47364,46865,41878,42970,41304,44282,42559,47586,44875
VIEW-04 raw release full_path_cpu_orientation 1920x1080 flip: 12873,12828,13434,13712,12518,13123,13060,13861,12821,12568,13224,12497,12183,12983,12444,13162,12698,11584,13332,12562,12730,12534,12668,12521,12167,13182,11945,12266,12626,13254,12417,13185,13250,12335,13017,11957,11999,13184,12803,12886,12749,12218,11687,12859,12883,13216,13676,13312,13263,13130,13019,13615,12173,12207,12746,12355,12153,12530,12498,12103
VIEW-04 raw release full_path_cpu_orientation 1920x1080 convert: 16966,17787,17161,18053,17503,16936,17835,17268,17287,17466,16901,17859,17331,18044,17478,16965,17414,17171,18115,17633,17116,17564,17137,17935,17436,17772,16578,17820,17645,17299,17754,17111,18063,17362,17353,17589,17456,17970,17585,17341,17886,17427,16536,17146,18185,17563,17740,17709,17168,18027,17502,17732,17543,17352,16525,16860,17536,17122,17750,17322
VIEW-04 raw release full_path_cpu_orientation 1920x1080 texture: 40267,41954,43339,45032,43300,41089,44133,43428,42850,43960,42932,44162,43383,43532,42622,42941,46862,42579,42922,42836,37345,42986,44061,37745,43526,42713,42375,38867,43635,43111,42516,43205,42907,42476,41328,42382,44540,42517,43397,42825,43555,43266,43066,43679,42668,43197,42588,42681,45543,42718,42618,42843,40288,42392,40193,40115,44186,45759,45550,42918
VIEW-04 raw release full_path_cpu_orientation 1920x1080 work: 125301,129027,127159,135573,127654,123716,131773,128786,129651,128529,128322,132082,126415,134773,127229,128548,130088,124248,133975,127491,119512,127030,125682,125710,125863,131050,121979,110789,127484,129484,128420,125744,131729,125848,128580,128139,126135,131775,125270,129995,129903,124658,109440,126144,131655,127545,131047,128085,128676,130475,125573,130893,126446,123632,120385,119663,127955,126944,132839,126262
VIEW-04 raw release full_path_cpu_orientation 1920x1080 show: 22900,18855,20989,9878,21846,25176,15929,17726,20166,19141,19858,15929,21612,10775,22587,19872,18164,23242,11724,22507,11138,21751,22605,22424,22107,14128,9691,23022,20712,18527,19612,22018,16142,22050,19696,18247,23091,14267,25012,17600,16843,24327,22831,21515,16158,20496,16916,19880,19065,15343,24997,17004,19318,7728,13365,10990,20596,21486,15074,21885
VIEW-04 raw release full_path_cpu_orientation 1920x1080 total: 148201,147882,148148,145451,149500,148892,147702,146512,149817,147670,148180,148011,148027,145548,149816,148420,148252,147490,145699,149998,130650,148781,148287,148134,147970,145178,131670,133811,148196,148011,148032,147762,147871,147898,148276,146386,149226,146042,150282,147595,146746,148985,132271,147659,147813,148041,147963,147965,147741,145818,150570,147897,145764,131360,133750,130653,148551,148430,147913,148147
VIEW-04 raw release full_path_cpu_orientation 1920x1080 raster: 4421,4478,4713,4284,4263,4720,4448,4292,4347,4328,4952,4338,7162,4303,4344,4176,4398,4755,4378,4297,4383,4272,4598,4443,4795,3623,3361,4401,4155,4426,4476,4527,4350,4375,4837,4263,4444,4205,4793,4312,4285,4127,4324,4493,4340,4639,4618,4324,6380,4378,4325,4782,4364,3604,4332,4192,4298,4671,4313
VIEW-04 result: {"card":"VIEW-04","build_mode":"release","scenario":"full_path_draw_orientation","width":1920,"height":1080,"samples":60,"orientation":"canvas","import_median_ms":8.752,"import_p90_ms":9.728,"rotate_median_ms":0.003,"rotate_p90_ms":0.004,"flip_median_ms":0.001,"flip_p90_ms":0.001,"convert_median_ms":33.203,"convert_p90_ms":35.563,"texture_median_ms":37.515,"texture_p90_ms":40.012,"work_median_ms":80.11,"work_p90_ms":83.585,"show_median_ms":18.528,"show_p90_ms":22.614,"total_median_ms":98.577,"total_p90_ms":100.173,"frame_timings_in_window":60,"raster_median_ms":4.34,"raster_p90_ms":4.583,"build_median_ms":5.866}
VIEW-04 raw release full_path_draw_orientation 1920x1080 import: 8239,8493,7404,8886,8498,9454,9075,8646,9925,9176,9624,8936,7902,8185,9768,8532,8364,7945,9216,7582,9618,8331,8528,9533,9135,9287,9485,8172,7699,7942,8675,7651,8609,7444,8299,9158,9863,9502,9728,9695,8179,8752,9745,7651,8258,7842,8858,7617,7045,8365,9581,9757,8944,8844,7124,8910,9083,9775,7023,9067
VIEW-04 raw release full_path_draw_orientation 1920x1080 rotate: 3,4,4,3,3,3,4,3,4,4,3,3,3,3,3,4,4,3,3,3,4,3,3,4,3,3,4,4,3,4,4,3,3,4,3,2,3,6,4,3,3,3,5,2,3,3,3,3,3,3,4,4,4,3,2,3,3,4,3,4
VIEW-04 raw release full_path_draw_orientation 1920x1080 flip: 1,1,0,1,0,1,0,1,1,0,1,1,1,0,1,0,0,1,1,1,0,1,1,0,1,0,0,0,1,0,0,0,1,0,1,1,1,0,1,1,0,0,0,1,0,0,1,1,1,1,1,0,1,0,1,0,1,1,1,1
VIEW-04 raw release full_path_draw_orientation 1920x1080 convert: 34954,35117,30936,35668,31828,31770,32740,32583,31600,32860,33858,35050,33888,34161,36392,36137,34770,31063,35738,31985,31753,32034,33061,31166,33766,34231,34933,33178,34629,30244,35021,31528,35817,30970,35179,31163,32413,32638,31501,33301,33203,35085,35533,32601,35153,30969,35366,31456,35183,32518,32572,32614,33388,32958,27370,33313,32063,34216,35653,35563
VIEW-04 raw release full_path_draw_orientation 1920x1080 texture: 37202,37150,37589,39875,36838,39614,37064,37629,37073,36745,40099,37748,37288,37506,36607,40020,40012,37664,36655,37384,37091,36352,36838,37399,40969,40138,37573,36507,38134,37293,38315,38662,38109,35762,37065,37543,38537,37256,37515,37449,39817,40871,37149,37145,37189,37669,40330,36959,36958,39673,37640,38064,37792,33189,35261,37884,36776,37866,37075,38362
VIEW-04 raw release full_path_draw_orientation 1920x1080 work: 80399,80765,75933,84433,77167,80842,78883,78862,78603,78785,83585,81738,79082,79855,82771,84693,83150,76676,81613,76955,78466,76721,78431,78102,83874,83659,81995,77861,80466,75483,82015,77844,82539,74180,80547,77867,80817,79402,78749,80449,81202,84711,82432,77400,80603,76483,84558,76036,79190,80560,79798,80439,80129,74994,69758,80110,77926,81862,79755,82997
VIEW-04 raw release full_path_draw_orientation 1920x1080 show: 18178,16681,24240,12724,22614,18451,19175,20405,18801,21006,14854,15053,19567,20641,15794,13551,14105,23492,15468,22937,18716,22503,20645,21588,12173,17237,14267,21113,18528,23034,16429,22192,14709,25973,16934,22464,16640,18314,18782,18959,18095,15505,16247,19252,18260,22512,13848,24087,17699,19159,19916,17808,17424,22488,15148,16535,22459,14755,21147,15115
VIEW-04 raw release full_path_draw_orientation 1920x1080 total: 98577,97446,100173,97157,99781,99293,98058,99267,97404,99791,98439,96791,98649,100496,98565,98244,97255,100168,97081,99892,97182,99224,99076,99690,96047,100896,96262,98974,98994,98517,98444,100036,97248,100153,97481,100331,97457,97716,97531,99408,99297,100216,98679,96652,98863,98995,98406,100123,96889,99719,99714,98247,97553,97482,84906,96645,100385,96617,100902,98112
VIEW-04 raw release full_path_draw_orientation 1920x1080 raster: 4408,3843,4511,4360,4345,4362,4261,4626,4844,4790,4479,4064,4089,4700,4470,4405,3739,4306,3782,4627,3868,4262,4500,4511,4384,4747,3808,3819,3957,4424,3900,4199,3509,3957,3860,4430,4139,4150,4094,3947,4287,4210,4212,4405,3923,4479,3946,4384,3942,4505,4514,4393,4437,3610,4377,4340,4379,4264,4583,3796
VIEW-04 result: {"card":"VIEW-04","build_mode":"release","scenario":"full_path_cpu_orientation","width":1920,"height":1080,"samples":60,"orientation":"cpu","import_median_ms":9.24,"import_p90_ms":9.925,"rotate_median_ms":45.386,"rotate_p90_ms":48.065,"flip_median_ms":12.719,"flip_p90_ms":13.35,"convert_median_ms":17.572,"convert_p90_ms":18.209,"texture_median_ms":42.876,"texture_p90_ms":44.354,"work_median_ms":127.676,"work_p90_ms":131.214,"show_median_ms":19.548,"show_p90_ms":24.638,"total_median_ms":147.911,"total_p90_ms":148.792,"frame_timings_in_window":58,"raster_median_ms":4.526,"raster_p90_ms":4.948,"build_median_ms":7.218}
VIEW-04 raw release full_path_cpu_orientation 1920x1080 import: 9331,8982,8796,9164,10123,9163,8923,9392,9114,10045,9252,9555,9236,9750,9355,9228,9155,9776,8923,9782,9896,9566,9588,9006,9186,6024,9399,9179,8838,10104,8850,7622,9752,9535,8999,8713,8937,9021,8692,8478,9299,9157,9205,9527,8663,9890,10992,10089,9910,9648,9582,9356,8937,9525,10088,9240,8669,9122,9925,8962
VIEW-04 raw release full_path_cpu_orientation 1920x1080 rotate: 48223,43722,47239,45428,42638,48445,45122,46887,46267,42859,48467,42364,47036,45481,42942,48023,41851,46416,45900,41456,48122,41441,46456,45780,42975,34526,39167,46161,43308,47187,43271,40337,43982,47411,44985,42577,46908,44117,47887,44058,42261,47113,44013,47715,45386,42478,45698,41420,48067,44964,42353,48065,44083,47828,44612,40475,46811,43794,48219,45710
VIEW-04 raw release full_path_cpu_orientation 1920x1080 flip: 12957,12097,13350,14602,12057,12785,13154,13241,12188,12501,13151,11951,13551,12222,12644,13075,12458,12900,12311,13070,13039,12311,12769,12306,12625,11960,12664,12358,13070,15993,12127,13310,12695,13255,12365,12518,12856,13517,13165,12721,12516,12833,12271,13190,12031,12575,13045,12598,13318,12641,12509,12719,12278,12874,13217,14048,13603,12363,12691,11885
VIEW-04 raw release full_path_cpu_orientation 1920x1080 convert: 17770,17510,17728,18831,17083,17827,17522,17334,17624,17201,18010,17435,17759,17597,17082,18116,17185,17226,17677,17202,17819,17279,17368,17572,17274,16596,18530,17726,17135,18470,17229,17492,17213,17947,17749,17078,17924,17212,17702,17589,17077,17894,17341,17962,17570,16971,19163,18557,17874,17469,17199,17693,17440,17631,17538,18209,18765,17350,17631,17541
VIEW-04 raw release full_path_cpu_orientation 1920x1080 texture: 42863,45255,43004,37513,43423,44184,43380,42540,39940,42642,42600,43718,43632,44354,42830,42324,42797,42907,44801,42876,41963,43366,42429,43208,38986,44715,40423,43845,42255,40486,42332,40157,44767,42311,43743,42963,44746,43199,44100,42458,42667,43621,43377,42141,43410,41764,34800,43125,43697,42954,43100,42064,42869,42576,44555,39971,40670,43678,42608,40708
VIEW-04 raw release full_path_cpu_orientation 1920x1080 work: 131144,127566,130117,125538,125324,132404,128101,129394,125133,125248,131480,125023,131214,129404,124853,130766,123446,129225,129612,124386,130839,123963,128610,127872,121046,113821,120183,129269,124606,132240,123809,118918,128409,130459,127841,123849,131371,127066,131546,125304,123820,130618,126207,130535,127060,123678,123698,125789,132866,127676,124743,129897,125607,130434,130010,121943,128518,126307,131074,124806
VIEW-04 raw release full_path_cpu_orientation 1920x1080 show: 17301,20556,17530,22679,22587,15489,19413,19037,22699,22733,16027,23242,17224,18602,23416,15269,26227,18996,17589,24406,15308,26170,19104,20085,23105,19544,13216,19231,23180,12358,10598,12673,19898,16658,20182,24966,16598,20102,14005,24988,24638,17095,22313,16903,20186,25407,24364,21577,15323,19548,22812,19126,22632,17104,17826,26508,19332,21546,16841,22680
VIEW-04 raw release full_path_cpu_orientation 1920x1080 total: 148445,148122,147647,148217,147911,147893,147514,148431,147832,147981,147507,148265,148438,148006,148269,146035,149673,148221,147201,148792,146147,150133,147714,147957,144151,133365,133399,148500,147786,144598,134407,131591,148307,147117,148023,148815,147969,147168,145551,150292,148458,147713,148520,147438,147246,149085,148062,147366,148189,147224,147555,149023,148239,147538,147836,148451,147850,147853,147915,147486
VIEW-04 raw release full_path_cpu_orientation 1920x1080 raster: 4483,4509,4561,4666,5019,4523,5180,4526,4462,4708,4660,4451,4549,4463,4752,4545,4840,4574,4432,4749,4471,4948,4482,4447,3266,4329,4429,4456,4874,4338,4166,4466,4956,4377,4512,4595,4647,4468,4213,4960,4547,4491,4434,4473,4897,6741,4691,4721,4437,4491,5130,4482,4781,4528,4492,4585,4477,4851
VIEW-04 result: {"card":"VIEW-04","build_mode":"release","scenario":"full_path_draw_orientation","width":1920,"height":1080,"samples":60,"orientation":"canvas","import_median_ms":8.704,"import_p90_ms":9.486,"rotate_median_ms":0.004,"rotate_p90_ms":0.004,"flip_median_ms":0.001,"flip_p90_ms":0.001,"convert_median_ms":32.766,"convert_p90_ms":36.29,"texture_median_ms":37.73,"texture_p90_ms":38.749,"work_median_ms":79.953,"work_p90_ms":82.664,"show_median_ms":18.729,"show_p90_ms":25.175,"total_median_ms":98.44,"total_p90_ms":100.94,"frame_timings_in_window":58,"raster_median_ms":4.536,"raster_p90_ms":4.803,"build_median_ms":7.399}
VIEW-04 raw release full_path_draw_orientation 1920x1080 import: 8536,8673,8527,9407,7547,10108,8870,9330,8704,8743,5755,8658,8980,8494,7388,8553,8162,9745,8427,8854,8531,9537,7093,9104,7710,7967,8937,8418,7125,9019,7290,8883,7372,8442,7002,9486,9464,8684,8935,8377,9044,7098,7213,8851,8509,7225,8710,9021,8258,9069,7112,9686,9084,9102,9327,9027,9491,9632,6618,8985
VIEW-04 raw release full_path_draw_orientation 1920x1080 rotate: 4,4,3,4,3,5,5,4,3,4,3,3,4,3,3,3,4,3,4,4,4,3,3,6,3,4,5,3,3,4,3,4,3,4,4,3,4,3,4,3,5,3,3,4,3,2,3,4,4,4,3,4,4,4,4,4,4,3,3,3
VIEW-04 raw release full_path_draw_orientation 1920x1080 flip: 0,0,0,1,1,1,0,1,1,1,0,1,0,0,0,0,0,1,0,1,0,1,1,1,0,0,0,0,1,0,1,0,1,0,0,0,0,1,1,0,0,1,1,0,1,1,0,1,1,1,0,1,1,1,0,0,1,1,1,0
VIEW-04 raw release full_path_draw_orientation 1920x1080 convert: 31836,31696,31551,31899,33137,32167,32710,32766,34705,35640,30300,37020,34256,34749,30401,33471,31115,31664,32709,31882,31043,33397,35279,34407,31861,33926,36585,34565,19387,36602,28957,34978,29449,34378,31314,31730,32426,32553,32602,32459,33582,35561,36384,36290,35376,30295,36418,32886,31847,31759,33006,31719,31839,31180,33695,33079,34542,35562,30495,36872
VIEW-04 raw release full_path_draw_orientation 1920x1080 texture: 37862,35957,40309,38129,37740,37768,34818,39489,37662,37734,37730,38257,37264,37041,37198,37558,38370,37456,38004,39894,40502,40107,38038,37720,37536,38064,40633,38749,35271,37343,37420,38236,38364,37017,36849,38538,38276,36549,37942,36320,37666,37290,38455,38542,38199,37138,37187,38053,37009,36788,37354,37669,36931,36430,38261,37775,37002,37736,36942,36804
VIEW-04 raw release full_path_draw_orientation 1920x1080 work: 78238,76330,80390,79440,78428,80049,76403,81590,81075,82122,73788,83939,80504,80287,74990,79585,77651,78869,79144,80635,80080,83045,80414,81238,77110,79961,86160,81735,61787,82968,73671,82101,75189,79841,75169,79757,80170,77790,79484,77159,80297,79953,82056,83687,82088,74661,82318,79965,77119,77621,77475,79079,77859,76717,81287,79885,81040,82934,74059,82664
VIEW-04 raw release full_path_draw_orientation 1920x1080 show: 19513,23988,18020,19761,20012,17097,23588,17176,16821,14420,27282,14405,18767,16232,25175,17380,23344,18326,20953,16895,19286,13180,18855,17517,21548,20484,11769,14932,23386,12766,27646,14452,25528,16809,25771,18632,18524,19533,18359,23483,18519,18729,16289,15056,14185,26597,15842,17131,23037,20623,21862,19237,19978,23527,14772,21250,17483,12774,27457,15371
VIEW-04 raw release full_path_draw_orientation 1920x1080 total: 97751,100318,98410,99201,98440,97146,99991,98766,97896,96542,101070,98344,99271,96519,100165,96965,100995,97195,100097,97530,99366,96225,99269,98755,98658,100445,97929,96667,85173,95734,101317,96553,100717,96650,100940,98389,98694,97323,97843,100642,98816,98682,98345,98743,96273,101258,98160,97096,100156,98244,99337,98316,97837,100244,96059,101135,98523,95708,101516,98035
VIEW-04 raw release full_path_draw_orientation 1920x1080 raster: 4242,4536,4575,4803,4873,4497,4617,4572,4662,3872,4754,4453,4464,3905,4552,3773,4798,4334,4436,4292,4782,4428,4378,3913,4234,4541,4250,3459,4804,3811,4898,3894,4496,3862,4777,4556,4605,4574,4394,4470,4577,4793,4634,4478,3917,4608,4388,4084,4996,4506,4643,4613,5027,4998,4295,4595,4555,3528
VIEW-04 done mode=release
