[IMPORTANT:flutter/shell/platform/android/android_context_vk_impeller.cc(62)] Using the Impeller rendering backend (Vulkan).
[IMPORTANT:flutter/shell/platform/android/android_context_gl_impeller.cc(104)] Using the Impeller rendering backend (OpenGLES).
VIEW-04 shader check 720x480 mode=release matched=transpose {"transpose":{"max_diff":0,"channels_off_by_more_than_1":0},"anti_transpose":{"max_diff":199,"channels_off_by_more_than_1":1022212}}
VIEW-04 result: {"card":"VIEW-04","build_mode":"release","scenario":"bgra_path","width":720,"height":480,"samples":60,"texture_width":720,"texture_height":480,"texture_bytes":1382400,"convert_median_ms":2.566,"convert_p90_ms":2.784,"buffer_median_ms":0.697,"buffer_p90_ms":0.824,"codec_median_ms":0.016,"codec_p90_ms":0.019,"image_median_ms":3.55,"image_p90_ms":4.45,"show_median_ms":9.575,"show_p90_ms":10.078,"total_median_ms":16.437,"total_p90_ms":16.494,"frame_timings_in_window":45,"raster_median_ms":1.585,"raster_p90_ms":1.73,"build_median_ms":0.5}
VIEW-04 raw release bgra_path 720x480 convert: 2397,2478,2342,2880,3371,3814,5831,4919,2506,2510,2453,2555,2613,2544,2628,2643,2471,2577,2610,2498,2513,2551,2613,2615,2489,2569,2624,2566,2630,2473,2438,2505,2609,2530,2656,2552,2584,2706,2457,2517,2526,2566,2635,2748,2485,2735,2529,2477,2509,2581,2706,2466,2385,3056,2784,2475,2759,2570,2387,2664
VIEW-04 raw release bgra_path 720x480 buffer: 637,646,630,789,905,976,1063,935,698,759,680,719,749,641,659,745,645,665,669,687,641,694,661,649,748,689,809,691,702,697,643,649,720,680,718,723,678,665,705,708,738,707,670,783,671,648,689,652,656,713,782,651,681,793,836,720,859,708,639,824
VIEW-04 raw release bgra_path 720x480 codec: 15,17,16,17,28,19,22,16,15,15,15,15,17,15,15,16,15,16,16,15,15,15,15,14,16,15,16,17,17,16,15,17,16,17,16,18,16,15,16,16,17,16,16,17,16,16,17,17,17,17,20,16,16,20,19,17,21,16,16,21
VIEW-04 raw release bgra_path 720x480 image: 5128,4450,3469,3939,3859,4865,4621,3341,3120,3642,3247,4239,3550,4331,3556,4310,4491,4191,4755,3643,4096,3420,4363,3385,5502,3734,3708,2937,3049,3158,3181,3032,3625,3224,3119,3316,3655,3466,3338,3078,3428,3589,3867,3434,3368,3278,3138,3050,3292,3253,4310,3564,3392,4148,3524,3186,4422,3368,3335,3625
VIEW-04 raw release bgra_path 720x480 show: 8221,8818,9962,9008,8290,6983,4794,6862,10120,9520,10062,8939,9432,8949,9579,8653,8872,8993,8380,9495,9187,9765,8769,9767,7719,9401,9185,10204,10029,10062,10158,10244,9400,10038,9868,9818,9534,9575,9968,10067,9710,9552,9284,9369,9911,9762,10078,10245,9949,10047,8448,9709,10006,8621,8990,10243,8090,9786,10065,9580
VIEW-04 raw release bgra_path 720x480 total: 16398,16409,16419,16633,16453,16657,16331,16073,16459,16446,16457,16467,16361,16480,16437,16367,16494,16442,16430,16338,16452,16445,16421,16430,16474,16408,16342,16415,16427,16406,16435,16447,16370,16489,16377,16427,16467,16427,16484,16386,16419,16430,16472,16351,16451,16439,16451,16441,16423,16611,16266,16406,16480,16638,16153,16641,16151,16448,16442,16714
VIEW-04 raw release bgra_path 720x480 raster: 1531,1245,1730,1887,1913,1982,2233,1201,1569,1531,1567,1604,1594,1620,1688,1560,1615,1677,1623,1508,1547,1555,1566,1550,1549,1604,1472,1626,1616,1543,1592,1622,1408,1600,1592,1557,1607,1549,1419,1621,1584,1585,1704,1573,1430
VIEW-04 result: {"card":"VIEW-04","build_mode":"release","scenario":"redraw_same_image","width":720,"height":480,"samples":60,"show_median_ms":16.413,"show_p90_ms":16.888,"frame_timings_in_window":60,"raster_median_ms":16.318,"raster_p90_ms":17.188,"build_median_ms":3.242}
VIEW-04 raw release redraw_same_image 720x480 show: 16519,15772,16482,14502,16044,35091,16517,16327,17336,15879,16224,16700,16060,16563,16616,16895,15740,16179,16425,16351,17086,16246,16519,16288,16269,16575,16413,16888,16472,15643,16943,16357,16143,16849,16077,16633,16068,16643,16539,16672,16065,16235,16739,16045,16901,16080,16377,16801,16211,16617,16218,16361,16594,16414,16402,16403,16514,16105,16624,16241
VIEW-04 raw release redraw_same_image 720x480 raster: 15985,15114,14778,35638,16229,16524,16245,17188,15844,15716,17115,16565,15652,15899,17356,15451,15424,16542,17744,15501,16537,16898,15291,17300,15874,16497,16638,16436,16318,15595,16582,17199,15588,16409,16102,15810,17098,15703,16739,16427,15679,17069,15880,17019,15553,16641,16257,15757,16409,16649,15870,16231,16606,16839,15676,16870,16046,15577,17385,14537
VIEW-04 result: {"card":"VIEW-04","build_mode":"release","scenario":"planes_as_rgba_upload","width":720,"height":480,"samples":60,"texture_width":180,"texture_height":720,"texture_bytes":518400,"convert_median_ms":0.001,"convert_p90_ms":0.001,"buffer_median_ms":0.63,"buffer_p90_ms":0.697,"codec_median_ms":0.024,"codec_p90_ms":0.028,"image_median_ms":3.914,"image_p90_ms":4.91,"show_median_ms":11.823,"show_p90_ms":12.308,"total_median_ms":16.433,"total_p90_ms":16.59,"frame_timings_in_window":34,"raster_median_ms":4.427,"raster_p90_ms":4.681,"build_median_ms":3.64}
VIEW-04 raw release planes_as_rgba_upload 720x480 convert: 0,1,0,0,1,1,1,1,1,1,1,1,1,1,0,1,1,1,1,1,1,1,0,0,0,0,0,1,0,0,0,0,0,1,0,0,0,1,1,1,0,0,0,1,0,0,1,1,1,1,1,1,1,1,0,1,1,1,1,0
VIEW-04 raw release planes_as_rgba_upload 720x480 buffer: 617,774,697,626,702,656,615,627,638,587,621,600,640,629,621,641,704,678,620,644,611,637,686,619,659,627,621,616,630,766,665,605,673,625,605,634,650,604,639,624,587,644,670,630,654,599,598,616,612,611,639,608,637,638,669,599,669,843,708,602
VIEW-04 raw release planes_as_rgba_upload 720x480 codec: 24,23,25,25,28,27,25,23,26,24,25,24,26,26,24,22,24,33,24,26,23,25,28,24,24,24,24,21,22,25,23,22,42,25,23,24,21,24,23,22,22,29,24,22,23,89,21,43,24,23,23,26,23,26,23,24,24,23,26,23
VIEW-04 raw release planes_as_rgba_upload 720x480 image: 3690,4163,3934,3419,4053,3661,3638,4265,3829,3605,3985,6471,3548,5527,3506,3670,5507,4334,4685,3788,3546,4011,3973,4910,4019,3666,3143,3934,3744,3992,4050,3605,4309,4027,3562,3890,4094,3519,3740,3914,3631,5289,3463,3538,4214,4783,3728,5289,3358,3913,4624,3896,3992,4058,4987,3542,3834,3606,4108,3603
VIEW-04 raw release planes_as_rgba_upload 720x480 show: 12189,11552,11450,12528,11591,12079,12308,11449,11781,12003,12195,9400,11972,10164,12086,12286,10244,11314,11275,11693,11924,12060,11823,10936,11813,11872,12516,11977,12003,11698,11559,12081,11509,11671,12262,11952,11614,12436,12055,11693,12174,10213,12276,12361,11633,10906,12078,10574,12228,12042,11188,11817,11716,11691,10808,12351,11755,12104,11324,12532
VIEW-04 raw release planes_as_rgba_upload 720x480 total: 16520,16513,16106,16598,16375,16424,16587,16365,16275,16220,16827,16496,16187,16347,16237,16620,16480,16360,16605,16152,16105,16734,16510,16489,16515,16189,16304,16549,16399,16481,16297,16313,16533,16349,16452,16500,16379,16584,16458,16254,16414,16175,16433,16552,16524,16377,16426,16523,16223,16590,16475,16348,16369,16414,16487,16517,16283,16577,16167,16760
VIEW-04 raw release planes_as_rgba_upload 720x480 raster: 4645,4724,4513,4379,4264,4375,4396,4427,4201,4038,4651,4550,4295,4193,4073,4324,4553,4826,4514,4159,4611,4530,4180,4527,4380,4394,4266,4075,4210,4681,4580,5021,4505,4470
VIEW-04 geometry 720x480 source: 720x480 i420 planes(rowStride/pixelStride/height/bytes) 720/1/480/345600/off0 360/1/240/86400/off0 360/1/240/86400/off0
VIEW-04 geometry 720x480 copy: 720x480 i420 planes(rowStride/pixelStride/height/bytes) 720/1/480/345600/off0 360/1/240/86400/off0 360/1/240/86400/off0
VIEW-04 geometry 720x480 oriented: 480x720 i420 planes(rowStride/pixelStride/height/bytes) 480/1/720/345600/off0 240/1/360/86400/off0 240/1/360/86400/off0
VIEW-04 result: {"card":"VIEW-04","build_mode":"release","scenario":"convert_control","width":720,"height":480,"samples":60,"copy_then_idle_median_ms":6.349,"copy_then_idle_p90_ms":6.918,"copy_then_spin_median_ms":6.299,"copy_then_spin_p90_ms":6.702,"copy_immediate_median_ms":8.63,"copy_immediate_p90_ms":11.652,"oriented_then_idle_median_ms":5.761,"oriented_then_idle_p90_ms":6.653,"oriented_immediate_median_ms":4.772,"oriented_immediate_p90_ms":6.164,"frame_timings_in_window":0,"raster_median_ms":0.0,"raster_p90_ms":0.0,"build_median_ms":0.0}
VIEW-04 raw release convert_control 720x480 copy_then_idle: 6041,6558,6155,5498,6349,6538,5452,5989,5570,5863,10701,6713,6983,6963,6151,6596,6836,5807,6608,5993,6085,11830,6664,5688,5886,6630,5659,5848,5611,5701,4533,6683,12786,5539,6758,6086,6740,5340,6494,5313,6706,6880,5673,3411,6484,6000,6407,5468,5442,6390,6804,5989,6918,6543,6959,6854,5799,5657,6506,6793
VIEW-04 raw release convert_control 720x480 copy_then_spin: 5967,6512,6543,6078,6323,6299,5763,6261,6199,6298,5485,6746,6102,5360,6467,6546,6584,4514,6059,6348,6351,6441,6445,6514,6434,6072,6427,5896,6465,6402,5701,6324,6144,5710,6800,6446,6287,5892,5657,6330,6524,6081,5825,4466,5897,6398,6212,5647,5679,6436,6702,6716,6220,7425,6767,6512,5253,5469,6279,6831
VIEW-04 raw release convert_control 720x480 copy_immediate: 6402,12207,11956,11256,5618,5139,10953,8408,11499,11652,9393,5123,7036,6238,10284,7173,6340,6612,5804,11329,5687,9013,6578,10487,10564,6545,10082,5584,11205,10652,6135,11405,9699,8040,4936,10302,6627,11865,5340,12172,6607,12158,11254,9961,5578,5323,4953,10689,11238,4631,6073,12578,6044,9850,4842,11478,8788,6530,8630,5165
VIEW-04 raw release convert_control 720x480 oriented_then_idle: 6516,5497,3955,4623,6535,4729,6530,5625,4797,6507,4837,5074,6894,6625,5026,4885,6637,6724,6086,4983,5537,6513,5289,4882,5667,6592,6478,5779,5698,6653,5487,4531,6226,5282,5755,5761,4938,6607,6637,5928,5111,6734,4810,4651,5529,6468,6033,6635,6320,6477,4941,6865,6381,6910,4946,6851,4726,4748,5380,6273
VIEW-04 raw release convert_control 720x480 oriented_immediate: 4453,4626,5365,4347,5174,3512,5830,5814,4382,5930,5323,4602,5767,4550,4487,4528,4989,5560,5298,4450,4515,5587,4350,4543,4537,5434,6164,4396,5281,3907,4675,4184,5253,4752,4661,4665,4518,6561,5646,8645,5153,5818,4662,4413,5221,4389,4609,5793,4610,5716,4806,6680,4842,6286,4378,6540,6369,4425,4420,4772
VIEW-04 raw release convert_control 720x480 raster: 
VIEW-04 result: {"card":"VIEW-04","build_mode":"release","scenario":"full_path_cpu_orientation","width":720,"height":480,"samples":60,"variant":"cpu","import_median_ms":0.721,"import_p90_ms":0.868,"rotate_median_ms":7.035,"rotate_p90_ms":8.217,"flip_median_ms":3.154,"flip_p90_ms":3.806,"convert_median_ms":3.843,"convert_p90_ms":4.53,"texture_median_ms":8.816,"texture_p90_ms":10.456,"work_median_ms":23.721,"work_p90_ms":27.506,"show_median_ms":9.25,"show_p90_ms":12.18,"total_median_ms":32.932,"total_p90_ms":33.311,"frame_timings_in_window":60,"raster_median_ms":2.704,"raster_p90_ms":3.038,"build_median_ms":2.168}
VIEW-04 raw release full_path_cpu_orientation 720x480 import: 651,836,759,716,895,669,797,811,644,778,834,830,993,652,639,1000,611,720,717,650,786,774,604,845,683,619,792,692,625,734,747,717,721,553,776,784,653,890,837,664,675,636,703,782,752,685,894,770,723,719,599,920,845,614,868,703,583,757,625,642
VIEW-04 raw release full_path_cpu_orientation 720x480 rotate: 6070,6760,7325,7084,8348,6666,7013,8391,6072,6669,8302,6395,7425,7660,6225,8511,6287,6250,7853,6650,7143,8121,5955,7798,6845,5848,8282,7687,6342,8092,7205,6739,6898,5631,7035,8149,6043,7608,8138,5877,6813,5738,5860,8217,7339,6560,9344,6629,6045,8177,5956,7323,8171,5896,8094,7837,5785,8092,7320,6807
VIEW-04 raw release full_path_cpu_orientation 720x480 flip: 2476,2878,3131,3251,3438,2852,3098,3413,2677,2920,3530,2751,3224,3806,3063,3279,2931,2786,3739,3042,3380,3325,3296,3208,3220,2517,3689,3686,2904,3963,3025,3067,3253,2708,3389,3818,3154,3126,3361,2591,2803,2400,2627,3966,3270,2643,4360,2605,2602,3906,3146,3009,3893,2385,3393,3647,2737,3317,3358,2796
VIEW-04 raw release full_path_cpu_orientation 720x480 convert: 3389,3555,4473,3626,4608,4482,3651,4717,3057,3509,4793,3222,3713,5126,3591,4007,3432,3294,4477,3954,3523,5097,3730,3843,3754,3393,3860,4192,3522,4530,3976,3537,3718,4537,3739,4502,3529,4240,4452,3534,3809,2806,2998,3948,3973,4046,4079,3527,3168,4412,3443,3527,4442,4024,3905,4211,3160,4130,4129,3604
VIEW-04 raw release full_path_cpu_orientation 720x480 texture: 8503,10457,9980,9578,10225,8816,10090,11966,7529,9845,11324,8532,9622,9577,7747,11644,7831,8471,10229,9038,9249,8571,7757,11812,8477,8308,8908,8622,8145,8898,8617,10456,8611,8724,8352,8881,8180,7270,9239,10444,7694,7335,7657,9437,8787,8016,9233,10072,8573,9078,8051,8488,9733,7754,9066,12448,7935,8678,9342,8811
VIEW-04 raw release full_path_cpu_orientation 720x480 work: 21089,24486,25668,24255,27514,23485,24649,29298,19979,23721,28783,21730,24977,26821,21265,28441,21092,21521,27015,23334,24081,25888,21342,27506,22979,20685,25531,24879,21538,26217,23570,24516,23201,22153,23291,26134,21559,23134,26027,23110,21794,18915,19845,26350,24121,21950,27910,23603,21111,26292,21195,23267,27084,20673,25326,28846,20200,24974,24774,22660
VIEW-04 raw release full_path_cpu_orientation 720x480 show: 12180,7926,7540,8750,4864,9664,8399,3001,13277,8884,4127,11581,7264,5993,12080,3791,11943,11434,5606,9915,9082,6202,12108,5105,9608,12384,7417,7804,11672,6372,9328,8416,9250,11172,10041,5987,11595,9800,6435,9942,11033,13867,13415,6156,8749,11551,4279,9256,11860,6239,11915,9895,5186,12431,7657,3739,13273,7460,8113,10064
VIEW-04 raw release full_path_cpu_orientation 720x480 total: 33269,32412,33208,33005,32378,33149,33048,32299,33256,32605,32910,33311,32241,32814,33345,32232,33035,32955,32621,33249,33163,32090,33450,32611,32587,33069,32948,32683,33210,32589,32898,32932,32451,33325,33332,32121,33154,32934,32462,33052,32827,32782,33260,32506,32870,33501,32189,32859,32971,32531,33110,33162,32270,33104,32983,32585,33473,32434,32887,32724
VIEW-04 raw release full_path_cpu_orientation 720x480 raster: 3081,2540,2868,3256,2850,2939,3108,2704,2931,3038,2981,3120,2776,2483,3075,2440,2592,2648,2537,2829,2837,2383,2853,2589,2447,2938,2716,2534,2823,2690,2610,2594,2416,2766,2882,2523,2918,2960,2355,2618,2648,2379,2846,2728,2376,3055,2625,2460,2718,2469,2734,2991,2429,2643,2733,2393,2501,2498,2437,2271
VIEW-04 result: {"card":"VIEW-04","build_mode":"release","scenario":"full_path_draw_orientation","width":720,"height":480,"samples":60,"variant":"canvas","import_median_ms":1.237,"import_p90_ms":4.122,"rotate_median_ms":0.003,"rotate_p90_ms":0.004,"flip_median_ms":0.001,"flip_p90_ms":0.001,"convert_median_ms":6.287,"convert_p90_ms":9.05,"texture_median_ms":7.696,"texture_p90_ms":10.907,"work_median_ms":15.647,"work_p90_ms":22.851,"show_median_ms":14.932,"show_p90_ms":18.862,"total_median_ms":32.566,"total_p90_ms":33.725,"frame_timings_in_window":60,"raster_median_ms":3.295,"raster_p90_ms":3.73,"build_median_ms":3.22}
VIEW-04 raw release full_path_draw_orientation 720x480 import: 4457,1237,575,1321,2438,613,3022,1008,806,3712,1450,4123,1042,950,4119,812,4640,901,960,3567,848,1660,1171,4356,888,4122,890,3208,1176,3061,933,2116,838,2663,1109,4373,833,1576,896,3901,1067,3468,936,2093,856,4050,835,2288,771,1056,4211,821,3207,981,2699,1101,2233,787,3296,1085
VIEW-04 raw release full_path_draw_orientation 720x480 rotate: 2,1,2,2,3,2,1,2,5,3,2,10,3,2,4,2,3,3,2,2,2,2,3,3,1,5,2,4,3,3,2,4,2,3,3,3,1,3,3,2,2,3,2,4,2,3,2,3,2,3,3,2,3,3,4,2,2,2,3,2
VIEW-04 raw release full_path_draw_orientation 720x480 flip: 1,1,0,1,0,1,1,0,1,0,1,1,0,1,0,1,0,1,0,1,1,1,1,0,1,0,0,0,1,1,0,1,0,0,0,1,1,1,1,1,1,1,1,0,1,1,0,1,0,0,1,0,1,0,0,1,1,1,0,0
VIEW-04 raw release full_path_draw_orientation 720x480 convert: 4062,4906,2957,3135,5024,3493,2966,6706,4311,11100,6338,8697,5408,6421,8413,4543,4607,5657,5456,8530,4733,8422,6495,9258,5122,7584,4621,7564,6557,8749,5550,10158,4655,6287,6466,9345,4568,6949,6393,7348,5982,8295,5096,9837,5351,8801,4593,6978,4347,5693,9050,4637,5119,5285,8370,6484,10842,4516,6483,6203
VIEW-04 raw release full_path_draw_orientation 720x480 texture: 6510,6828,6334,6327,7282,5467,5760,10234,7143,9703,6309,7360,11597,7936,10539,6570,7571,10907,8188,10602,6844,8506,7898,8022,7545,9823,7083,7480,8023,11037,7696,12617,7107,8242,8069,8053,7370,7611,7755,10659,7529,11197,7670,9631,7018,8074,7235,6528,11392,7161,10543,7315,7678,7162,10535,7980,11236,7540,7760,7489
VIEW-04 raw release full_path_draw_orientation 720x480 work: 15032,12973,9868,10786,14747,9576,11750,17950,12266,24518,14100,20191,18050,15310,23075,11928,16821,17469,14606,22702,12428,18591,15568,21639,13557,21534,12596,18256,15760,22851,14181,24896,12602,17195,15647,21775,12773,16140,15048,21911,14581,22964,13705,21565,13228,20929,12665,15798,16512,13913,23808,12775,16008,13431,21608,15568,24314,12846,17542,14779
VIEW-04 raw release full_path_draw_orientation 720x480 show: 17433,3383,8663,3456,18218,8714,18750,16215,3759,10649,16582,13284,14257,18044,9074,4623,16182,15765,18862,9257,4158,14932,16765,11047,20275,10201,4349,15055,16496,9928,19375,6948,3671,16740,16936,10303,3898,16349,18668,11164,18029,9540,20020,10233,20555,10912,3927,17106,16828,18780,8484,3752,17053,19788,11663,16998,7812,3144,15124,19111
VIEW-04 raw release full_path_draw_orientation 720x480 total: 32465,16356,18531,14242,32965,18290,30500,34165,16025,35167,30682,33475,32307,33354,32149,16551,33003,33234,33468,31959,16586,33523,32333,32686,33832,31735,16945,33311,32256,32779,33556,31844,16273,33935,32583,32078,16671,32489,33716,33075,32610,32504,33725,31798,33783,31841,16592,32904,33340,32693,32292,16527,33061,33219,33271,32566,32126,15990,32666,33890
VIEW-04 raw release full_path_draw_orientation 720x480 raster: 2433,2497,2619,2547,2713,3340,2243,3992,2741,4215,3000,3295,3461,3354,3012,3015,3065,3079,3876,3093,3185,3728,3648,3319,3837,3062,3306,3724,3569,3297,3674,3102,3074,3694,3725,2910,3161,3166,3491,3595,3730,3164,3889,3197,3675,3032,2893,2706,3513,3589,2829,2842,3300,3582,3698,3962,2900,2671,3584,3152
VIEW-04 result: {"card":"VIEW-04","build_mode":"release","scenario":"full_path_shader","width":720,"height":480,"samples":60,"variant":"shader","import_median_ms":1.226,"import_p90_ms":4.988,"rotate_median_ms":0.002,"rotate_p90_ms":0.004,"flip_median_ms":0.001,"flip_p90_ms":0.001,"convert_median_ms":0.416,"convert_p90_ms":1.231,"texture_median_ms":4.532,"texture_p90_ms":5.503,"work_median_ms":6.872,"work_p90_ms":11.381,"show_median_ms":9.849,"show_p90_ms":13.213,"total_median_ms":16.43,"total_p90_ms":21.064,"frame_timings_in_window":60,"raster_median_ms":3.788,"raster_p90_ms":4.327,"build_median_ms":3.973}
VIEW-04 raw release full_path_shader 720x480 import: 4137,886,6059,874,3423,841,4235,1046,6296,1222,5401,1147,6649,1226,5680,824,1731,1773,1508,1747,3869,946,4474,800,4643,813,986,4481,956,1143,3473,880,863,1223,4084,806,2429,779,5171,834,4061,839,4688,737,4988,853,846,771,817,835,1351,837,1582,1288,4963,832,4634,843,4439,888
VIEW-04 raw release full_path_shader 720x480 rotate: 3,2,4,2,2,1,3,1,4,3,3,2,8,2,4,2,3,3,3,2,3,3,3,1,2,2,2,3,2,2,5,2,2,2,2,2,3,1,4,1,2,2,3,1,2,1,2,2,2,1,2,2,3,3,3,2,2,2,6,3
VIEW-04 raw release full_path_shader 720x480 flip: 1,0,1,1,1,1,1,1,0,0,1,1,1,1,1,1,0,1,0,1,1,1,0,0,1,1,1,0,1,1,1,0,0,1,0,0,0,1,1,1,1,1,1,1,1,1,0,0,0,0,1,1,0,1,1,0,0,0,1,0
VIEW-04 raw release full_path_shader 720x480 convert: 436,403,661,407,1231,385,1527,465,1435,541,543,482,1507,612,1025,380,404,455,453,379,2103,389,499,362,386,392,416,785,418,459,759,405,372,340,786,416,2875,355,632,371,836,397,561,342,807,357,376,346,357,356,363,358,342,346,562,376,735,412,1350,414
VIEW-04 raw release full_path_shader 720x480 texture: 4334,5453,4656,4620,4420,4900,5724,5409,4461,4819,8252,5270,4224,5248,4417,5672,4277,4195,4364,4902,3721,4931,3913,4430,21140,3190,3879,10609,3475,5267,3484,4863,5503,3543,3965,5663,5394,4895,5139,4496,3500,4532,4701,4410,3709,4094,3680,4219,3806,5147,3937,5102,4856,5357,4430,5262,4133,5239,4525,4391
VIEW-04 raw release full_path_shader 720x480 work: 8911,6744,11381,5904,9077,6128,11490,6922,12196,6585,14200,6902,12389,7089,11127,6879,6415,6427,6328,7031,9697,6270,8889,5593,26172,4398,5284,15878,4852,6872,7722,6150,6740,5109,8837,6887,10701,6031,10947,5703,8400,5771,9954,5491,9507,5306,4904,5338,4982,6339,5654,6300,6783,6995,9959,6472,9504,6496,10321,5696
VIEW-04 raw release full_path_shader 720x480 show: 7559,9650,4945,10340,7126,11324,21099,10389,20484,9628,18110,10316,20045,9441,4854,11023,9219,10477,9735,8285,6451,10371,7130,11943,6026,16666,6557,17609,13213,8667,7368,11522,8974,10351,7967,9398,5471,11121,4725,11366,7894,10406,6240,11594,6229,13071,11230,10691,11574,10186,11162,9500,9849,8089,6356,10580,6926,9802,5678,11051
VIEW-04 raw release full_path_shader 720x480 total: 16470,16394,16326,16244,16203,17452,32589,17311,32680,16213,32310,17218,32434,16530,15981,17902,15634,16904,16063,15316,16148,16641,16019,17536,32198,21064,11841,33487,18065,15539,15090,17672,15714,15460,16804,16285,16172,17152,15672,17069,16294,16177,16194,17085,15736,18377,16134,16029,16556,16525,16816,15800,16632,15084,16315,17052,16430,16298,15999,16747
VIEW-04 raw release full_path_shader 720x480 raster: 3773,4068,3602,3553,3515,4016,3955,4393,4501,4591,4327,4570,4620,4757,3495,4098,3735,4054,3881,3861,3768,3735,3323,4056,3724,3968,4005,4172,4278,3921,3890,3683,3470,3795,3857,3752,3346,3788,3420,3968,3599,3767,3277,3933,3364,3791,3396,3637,3822,3653,3665,4058,3663,3676,3678,3636,3697,3887,3619,3698
VIEW-04 geometry 720x480 source: 720x480 i420 planes(rowStride/pixelStride/height/bytes) 720/1/480/345600/off0 360/1/240/86400/off0 360/1/240/86400/off0
VIEW-04 geometry 720x480 copy: 720x480 i420 planes(rowStride/pixelStride/height/bytes) 720/1/480/345600/off0 360/1/240/86400/off0 360/1/240/86400/off0
VIEW-04 geometry 720x480 oriented: 480x720 i420 planes(rowStride/pixelStride/height/bytes) 480/1/720/345600/off0 240/1/360/86400/off0 240/1/360/86400/off0
VIEW-04 result: {"card":"VIEW-04","build_mode":"release","scenario":"convert_control","width":720,"height":480,"samples":60,"copy_then_idle_median_ms":6.614,"copy_then_idle_p90_ms":7.099,"copy_then_spin_median_ms":6.435,"copy_then_spin_p90_ms":6.705,"copy_immediate_median_ms":9.096,"copy_immediate_p90_ms":11.917,"oriented_then_idle_median_ms":5.815,"oriented_then_idle_p90_ms":6.725,"oriented_immediate_median_ms":4.863,"oriented_immediate_p90_ms":5.951,"frame_timings_in_window":0,"raster_median_ms":0.0,"raster_p90_ms":0.0,"build_median_ms":0.0}
VIEW-04 raw release convert_control 720x480 copy_then_idle: 5422,5795,6883,6619,6823,5644,6538,6334,11544,6652,6736,5261,12309,6233,6814,6206,12900,5781,5567,6557,6528,6185,5141,6058,7154,6042,6725,6781,6828,6772,4560,5341,6751,6668,12854,6763,5726,6737,5780,6768,6274,6726,6873,5955,6061,6744,4663,6614,5906,6869,7015,5498,13784,5525,7099,5454,6651,6625,6454,6460
VIEW-04 raw release convert_control 720x480 copy_then_spin: 4757,6407,6614,6464,5822,6501,3564,6532,6334,6434,6357,6504,6364,6722,6489,6523,6490,6367,5827,6430,6239,6435,6359,6798,6781,6742,5891,6599,5946,4817,6148,5912,6635,5986,6476,7213,6463,6580,6578,6414,6437,6594,6511,6384,5776,6704,6297,5166,6580,6701,5447,6705,6272,6587,5641,6590,6336,7471,6435,6421
VIEW-04 raw release convert_control 720x480 copy_immediate: 6659,13051,4939,13938,6668,11120,4442,11611,8728,11959,5610,11167,11828,10408,6219,8015,9096,6561,10599,5524,10920,6523,10749,11695,5191,11449,11746,5489,11791,6752,9464,8202,6657,12280,9927,11401,7983,7006,4983,6635,10694,5462,8820,4754,11291,6117,11781,6033,13681,5730,5606,10031,12450,10729,6871,7666,11628,11547,11917,5402
VIEW-04 raw release convert_control 720x480 oriented_then_idle: 6626,5815,6677,5046,6051,6786,5005,5115,6278,4800,4857,5583,6752,4962,6628,5466,6638,4722,6568,6422,5229,5268,6311,5776,5980,5074,6759,4975,5894,6657,5854,6748,2994,6606,6672,6725,6273,4853,5797,5351,5392,5924,4797,5398,6601,5614,6001,6421,5265,5727,6952,5655,5311,5813,6810,6638,4930,6620,4693,5657
VIEW-04 raw release convert_control 720x480 oriented_immediate: 5567,4762,4628,5098,4508,5444,4650,4541,4408,4733,4363,4563,4743,4807,5173,4550,5195,4777,5438,5138,4618,4612,6692,6076,4824,5633,5998,4753,6720,5373,5256,4771,4535,5345,5172,5833,6295,5523,5629,4628,4560,4660,5094,5292,5882,3102,5951,6091,4673,5663,4863,4622,4727,4579,4764,5277,5570,5581,4316,4231
VIEW-04 raw release convert_control 720x480 raster: 
VIEW-04 result: {"card":"VIEW-04","build_mode":"release","scenario":"full_path_cpu_orientation","width":720,"height":480,"samples":60,"variant":"cpu","import_median_ms":0.731,"import_p90_ms":0.916,"rotate_median_ms":6.597,"rotate_p90_ms":8.261,"flip_median_ms":2.882,"flip_p90_ms":3.677,"convert_median_ms":3.561,"convert_p90_ms":4.493,"texture_median_ms":9.634,"texture_p90_ms":12.279,"work_median_ms":23.818,"work_p90_ms":27.83,"show_median_ms":10.084,"show_p90_ms":14.361,"total_median_ms":32.931,"total_p90_ms":34.106,"frame_timings_in_window":60,"raster_median_ms":2.947,"raster_p90_ms":3.301,"build_median_ms":3.098}
VIEW-04 raw release full_path_cpu_orientation 720x480 import: 1150,811,807,603,923,983,759,744,596,814,763,647,680,585,755,785,592,803,736,582,773,731,693,753,884,1043,818,968,911,633,822,622,693,719,632,689,742,688,1040,663,601,801,635,665,916,632,785,717,634,672,813,641,761,656,629,800,596,664,710,654
VIEW-04 raw release full_path_cpu_orientation 720x480 rotate: 9786,7139,7600,5421,8021,6992,5926,6845,5518,7098,6585,5252,6131,5827,6313,7029,6451,6030,6832,5149,6670,6418,5751,6755,6951,10994,9776,9555,8426,6254,8261,6161,6546,7780,5854,6169,7690,5794,7742,6597,6112,7918,6076,5789,9199,5865,6712,7853,5745,6008,7652,6087,7242,7534,6500,7552,6162,5802,8142,6166
VIEW-04 raw release full_path_cpu_orientation 720x480 flip: 4438,2760,3143,2344,3218,2584,2324,3000,2157,3091,3010,2204,2682,2699,2912,2693,2508,2388,3090,2092,2837,2900,2466,3081,3170,3677,4886,3766,3291,2572,3903,2548,2782,3256,2807,2423,3463,2458,3115,2707,2882,3314,2367,2251,3819,2244,2676,3726,2809,2684,3334,2861,3417,2976,2946,2985,2916,2616,3440,2719
VIEW-04 raw release full_path_cpu_orientation 720x480 convert: 5240,3538,4196,3223,3894,4349,3219,3798,3325,3774,3561,3071,4386,3302,3561,3760,2938,3312,3816,3526,3467,3429,3417,3486,3594,4509,5447,4865,4430,3249,4114,3300,3527,4232,4119,3330,4178,3265,3751,3586,3424,4647,3256,3120,4377,3001,3535,4154,4121,3214,4156,3502,3760,3964,3535,4513,3358,3129,4493,3550
VIEW-04 raw release full_path_cpu_orientation 720x480 texture: 10400,9634,11544,8455,12790,12620,10219,9431,10037,9547,12279,8678,12320,8068,12784,9501,10211,7834,11621,7487,11621,8497,10714,7982,14690,7374,10921,12373,10748,9067,10128,7865,10480,8517,9617,8499,10960,7970,10670,8799,10591,11150,9327,8928,10189,7926,10629,8988,10027,7475,9101,8584,8197,8566,10797,9786,8700,8781,9738,9467
VIEW-04 raw release full_path_cpu_orientation 720x480 work: 31014,23882,27290,20046,28846,27528,22447,23818,21633,24324,26198,19852,26199,20481,26325,23768,22700,20367,26095,18836,25368,21975,23041,22057,29289,27597,31848,31527,27806,21775,27228,20496,24028,24504,23029,21110,27033,20175,26318,22352,23610,27830,21661,20753,28500,19668,24337,25438,23336,20053,25056,21675,23377,23696,24407,25636,21732,20992,26523,22556
VIEW-04 raw release full_path_cpu_orientation 720x480 show: 17569,8868,5165,12965,21251,5585,9102,9113,11896,8298,6265,13245,6267,12801,6851,8514,10094,13697,5536,14361,7343,10632,10208,10541,22284,20030,18843,16570,4366,12331,4262,12607,9126,7735,10084,11531,5800,13131,6378,10426,9616,4607,11204,12413,4088,13656,8588,6910,9508,12922,7871,11044,9598,9273,8761,6667,11304,11814,6185,10751
VIEW-04 raw release full_path_cpu_orientation 720x480 total: 48583,32750,32455,33011,50097,33113,31549,32931,33529,32622,32463,33097,32466,33282,33176,32282,32794,34064,31631,33197,32711,32607,33249,32598,51573,47627,50691,48097,32172,34106,31490,33103,33154,32239,33113,32641,32833,33306,32696,32778,33226,32437,32865,33166,32588,33324,32925,32348,32844,32975,32927,32719,32975,32969,33168,32303,33036,32806,32708,33307
VIEW-04 raw release full_path_cpu_orientation 720x480 raster: 3120,3421,2742,3248,3536,2973,2948,2884,3296,3132,2786,3016,2681,3031,3189,2576,3047,3122,2542,2947,2953,2652,2954,3176,3552,3255,3301,3336,2741,3286,2683,2836,2999,2688,2840,2900,2646,3414,2868,2667,3119,2779,2720,3401,2622,2946,3024,2745,2801,3112,2681,2981,2820,2826,3013,2727,2556,2934,2688,2602
VIEW-04 result: {"card":"VIEW-04","build_mode":"release","scenario":"full_path_draw_orientation","width":720,"height":480,"samples":60,"variant":"canvas","import_median_ms":1.529,"import_p90_ms":4.426,"rotate_median_ms":0.003,"rotate_p90_ms":0.004,"flip_median_ms":0.001,"flip_p90_ms":0.001,"convert_median_ms":7.054,"convert_p90_ms":10.18,"texture_median_ms":9.053,"texture_p90_ms":11.844,"work_median_ms":17.09,"work_p90_ms":25.934,"show_median_ms":16.195,"show_p90_ms":21.654,"total_median_ms":32.803,"total_p90_ms":34.507,"frame_timings_in_window":60,"raster_median_ms":3.972,"raster_p90_ms":4.464,"build_median_ms":5.128}
VIEW-04 raw release full_path_draw_orientation 720x480 import: 4785,1162,5402,967,1959,838,2997,841,3360,901,3290,978,3754,830,2189,1020,4603,954,4815,1035,2184,912,3238,886,2690,1290,1976,795,4460,1042,2083,1017,3708,922,4164,835,1872,873,4426,915,3400,977,1930,832,4586,770,1743,1088,2368,833,3354,996,3520,1030,4002,865,2468,772,1529,810
VIEW-04 raw release full_path_draw_orientation 720x480 rotate: 4,3,5,2,3,1,3,2,4,2,3,3,5,2,4,3,4,2,3,2,3,2,3,2,3,2,3,2,3,3,2,2,3,3,4,2,3,3,3,2,4,2,3,3,4,2,2,2,3,2,4,3,8,3,4,2,2,1,3,3
VIEW-04 raw release full_path_draw_orientation 720x480 flip: 1,1,0,1,0,1,0,0,0,1,1,0,1,0,1,1,1,0,1,1,1,0,0,1,1,1,1,0,1,1,1,1,0,0,0,0,0,0,0,1,1,0,1,0,1,0,1,1,1,0,0,0,1,1,1,1,0,1,0,0
VIEW-04 raw release full_path_draw_orientation 720x480 convert: 11528,6684,9842,4470,12251,4805,9793,4710,9468,4785,12340,6200,8493,4566,8519,6121,8224,5046,12288,6238,10180,5397,10764,5349,7898,6592,9795,4676,9616,4927,9724,6009,7397,5635,9544,4544,8743,5404,9631,5541,8036,5676,10412,4667,8980,4232,8785,6109,9294,4669,9032,5271,7252,6484,7128,5316,7826,3848,7054,4072
VIEW-04 raw release full_path_draw_orientation 720x480 texture: 10709,8794,11810,8306,10317,7434,11386,8399,13007,8065,11135,9261,12093,7417,11844,8667,12094,8088,9480,9376,11366,7843,11929,9050,17624,8468,11124,7144,12552,7728,9440,8189,10897,7612,9053,7773,8321,7266,10776,8317,11197,7825,11333,7066,10580,6586,9360,8726,11276,7524,10417,7668,10425,7920,11422,7212,9600,7322,8504,8182
VIEW-04 raw release full_path_draw_orientation 720x480 work: 27027,16644,27059,13746,24530,13079,24179,13952,25839,13754,26769,16442,24346,12815,22557,15812,24926,14090,26587,16652,23734,14154,25934,15288,28216,16353,22899,12617,26632,13701,21250,15218,22005,14172,22765,13154,18939,13546,24836,14776,22638,14480,23679,12568,24151,11590,19891,15926,22942,13028,22807,13938,21206,15438,22557,13396,19896,11944,17090,13067
VIEW-04 raw release full_path_draw_orientation 720x480 show: 23665,16000,21208,19260,7816,20001,8551,19209,6505,20441,23235,15731,7155,20832,10604,16195,7738,20364,23058,15549,7861,19682,6387,16925,21654,15888,9773,21603,21867,19312,11338,17947,10798,18333,10118,19492,13498,20693,7699,17655,10572,18978,7992,21939,6745,21761,13818,16144,9729,21399,8592,20011,11815,16316,10570,18652,12368,5319,15504,20076
VIEW-04 raw release full_path_draw_orientation 720x480 total: 50692,32644,48267,33006,32346,33080,32730,33161,32344,34195,50004,32173,31501,33647,33161,32007,32664,34454,49645,32201,31595,33836,32321,32213,49870,32241,32672,34220,48499,33013,32588,33165,32803,32505,32883,32646,32437,34239,32535,32431,33210,33458,31671,34507,30896,33351,33709,32070,32671,34427,31399,33949,33021,31754,33127,32048,32264,17263,32594,33143
VIEW-04 raw release full_path_draw_orientation 720x480 raster: 4352,4945,3909,3993,3851,3972,3682,4874,3884,4289,4464,4603,3743,4315,4290,4473,3932,4396,4412,4545,3836,4274,3836,3920,3977,4211,3329,4283,3869,4244,4021,3834,3745,4429,3448,3973,3697,4166,3849,4138,3843,4010,3482,4278,3225,3710,4087,3806,3583,4574,3680,4045,4094,3919,3587,3451,2881,3242,3294,3558
VIEW-04 result: {"card":"VIEW-04","build_mode":"release","scenario":"full_path_shader","width":720,"height":480,"samples":60,"variant":"shader","import_median_ms":0.825,"import_p90_ms":1.674,"rotate_median_ms":0.002,"rotate_p90_ms":0.003,"flip_median_ms":0.001,"flip_p90_ms":0.001,"convert_median_ms":0.339,"convert_p90_ms":0.39,"texture_median_ms":4.317,"texture_p90_ms":4.717,"work_median_ms":5.706,"work_p90_ms":6.613,"show_median_ms":10.869,"show_p90_ms":11.618,"total_median_ms":16.514,"total_p90_ms":17.167,"frame_timings_in_window":50,"raster_median_ms":3.57,"raster_p90_ms":3.773,"build_median_ms":5.259}
VIEW-04 raw release full_path_shader 720x480 import: 1512,1641,1490,1791,1338,1254,733,771,748,667,624,751,848,899,1674,1285,3502,801,781,732,698,722,719,762,830,1699,1263,865,851,1240,1331,1664,1618,4116,803,777,728,729,797,837,698,750,730,705,715,824,864,1281,1236,3293,744,794,796,785,825,724,785,851,1322,1818
VIEW-04 raw release full_path_shader 720x480 rotate: 3,3,3,3,2,2,1,3,2,1,1,1,2,2,2,2,3,1,2,2,1,2,1,1,2,2,1,2,1,3,3,1,3,4,2,2,2,2,2,3,1,2,1,1,2,2,1,2,2,4,2,2,2,2,2,1,2,3,3,2
VIEW-04 raw release full_path_shader 720x480 flip: 0,1,0,0,1,0,1,0,0,0,0,1,1,1,1,1,0,1,0,0,1,0,1,1,1,1,1,1,1,1,0,1,0,1,0,0,0,0,1,0,0,0,1,1,0,0,1,1,1,0,1,0,0,0,1,0,0,1,0,1
VIEW-04 raw release full_path_shader 720x480 convert: 612,390,358,352,383,318,316,314,282,265,273,313,354,369,319,322,488,361,355,316,305,314,308,321,373,334,324,339,326,356,370,348,366,757,359,341,294,305,337,363,299,305,356,314,324,344,398,341,345,812,339,324,337,313,326,408,328,360,360,352
VIEW-04 raw release full_path_shader 720x480 texture: 4191,3883,4172,3849,4017,3987,3345,5046,3789,4255,5157,4717,4317,5034,4166,4215,4005,4679,4283,4239,4454,4241,3596,4289,4399,4363,4128,4467,4933,4121,4176,4658,4626,4299,4539,4082,3945,4488,4704,3247,4626,3879,4526,4323,4370,4124,4205,4095,4466,4781,4495,4379,3693,4577,4601,3507,4598,4491,4976,4577
VIEW-04 raw release full_path_shader 720x480 work: 6318,5918,6023,5995,5741,5561,4396,6134,4821,5188,6055,5783,5522,6305,6162,5825,7998,5843,5421,5289,5459,5279,4625,5374,5605,6399,5717,5674,6112,5721,5880,6672,6613,9177,5703,5202,4969,5524,5841,4450,5624,4936,5614,5344,5411,5294,5469,5720,6050,8890,5581,5499,4828,5677,5755,4640,5713,5706,6661,6750
VIEW-04 raw release full_path_shader 720x480 show: 9645,11155,10268,10136,10449,10580,10830,11475,10273,11135,11021,11705,11430,9622,10661,8718,8715,12007,10221,11199,11346,11038,11565,11871,10407,10115,10708,11425,9462,11279,10798,9819,7436,7764,12010,10428,11337,11027,11014,10848,11143,12231,10556,11102,11467,11614,10449,10900,8743,7646,11472,10846,11677,10928,10869,11618,11597,10851,10153,9593
VIEW-04 raw release full_path_shader 720x480 total: 15963,17073,16291,16131,16190,16141,15226,17609,15094,16323,17076,17488,16952,15927,16823,14543,16713,17850,15642,16488,16805,16317,16190,17245,16012,16514,16425,17099,15574,17000,16678,16491,14049,16941,17713,15630,16306,16551,16855,15298,16767,17167,16170,16446,16878,16908,15918,16620,14793,16536,17053,16345,16505,16605,16624,16258,17310,16557,16814,16343
VIEW-04 raw release full_path_shader 720x480 raster: 3954,3865,3385,3515,3506,3398,3800,3355,3145,3240,3597,3642,3760,3576,3660,3533,3685,3570,3287,3456,3420,3308,3417,3773,3853,3574,3645,3796,3594,3657,3750,3718,3547,3553,3551,3143,3377,3687,3464,3266,3531,3452,3496,3551,3657,3685,3576,3558,3711,3677
VIEW-04 shader check 1920x1080 mode=release matched=transpose {"transpose":{"max_diff":0,"channels_off_by_more_than_1":0},"anti_transpose":{"max_diff":251,"channels_off_by_more_than_1":6145496}}
VIEW-04 result: {"card":"VIEW-04","build_mode":"release","scenario":"bgra_path","width":1920,"height":1080,"samples":60,"texture_width":1920,"texture_height":1080,"texture_bytes":8294400,"convert_median_ms":34.503,"convert_p90_ms":36.598,"buffer_median_ms":5.272,"buffer_p90_ms":5.965,"codec_median_ms":0.018,"codec_p90_ms":0.02,"image_median_ms":32.509,"image_p90_ms":34.614,"show_median_ms":23.023,"show_p90_ms":26.244,"total_median_ms":97.862,"total_p90_ms":99.563,"frame_timings_in_window":58,"raster_median_ms":4.069,"raster_p90_ms":4.408,"build_median_ms":6.569}
VIEW-04 raw release bgra_path 1920x1080 convert: 36413,35102,34761,33406,34311,34968,33719,33521,32968,31721,29404,35822,36514,35720,35682,34503,33020,32227,30001,32395,38210,32029,30368,37045,37784,18784,32741,30637,30197,29853,33997,27541,36652,35735,35458,33201,32117,27774,34760,36529,35939,35984,35101,33505,34356,34310,34362,35289,35562,35872,36436,37413,36598,35008,36775,35168,34845,33101,32139,28610
VIEW-04 raw release bgra_path 1920x1080 buffer: 5965,5336,5185,5011,5222,5270,5074,5116,5055,5140,5008,5994,5902,5588,5640,5495,5054,5094,5027,5160,6189,5129,5047,5800,5889,4157,5656,5384,5239,5139,4838,4770,6014,5626,5379,5110,5125,4621,5577,5937,5581,5648,5567,5075,5272,5029,4998,5005,5351,5426,5685,5989,6066,5602,5988,5459,5381,5090,5129,4448
VIEW-04 raw release bgra_path 1920x1080 codec: 19,19,17,16,19,32,17,19,17,17,17,17,20,19,19,34,17,17,18,17,18,18,17,31,18,28,18,18,16,16,18,16,19,18,18,18,16,16,18,19,19,19,20,32,17,17,18,16,17,17,17,18,19,19,19,19,17,17,18,18
VIEW-04 raw release bgra_path 1920x1080 image: 32509,33067,32428,34115,35166,33421,32211,31358,31820,31659,28093,33227,31860,35557,35627,32368,31130,31572,30459,33159,34699,31161,30130,30032,31376,28360,32735,31589,30326,32202,32511,31452,31281,31998,32803,31699,32266,30322,32923,32730,34614,31785,33082,32630,33517,32656,32704,33217,33248,32526,31955,33984,34739,32958,32057,32901,32383,33872,35472,26014
VIEW-04 raw release bgra_path 1920x1080 show: 21925,26861,25645,9737,24422,24119,28402,11425,12712,11961,21522,22797,23692,23072,21715,25727,12772,11551,18557,27969,17800,13688,18386,25412,20847,16452,10019,14549,15988,15824,10388,19920,24835,25110,25047,11919,11004,20450,25984,22752,23529,24956,24601,26849,25405,27551,26244,24124,25541,24193,23453,20701,21215,26553,23023,26018,26220,9697,7477,25522
VIEW-04 raw release bgra_path 1920x1080 total: 96831,100385,98036,82285,99140,97810,99423,81439,82572,80498,84044,97857,97988,99956,98683,98127,81993,80461,84062,98700,96916,82025,83948,98320,95914,67781,81169,82177,81766,83034,81752,83699,98801,98487,98705,81947,80528,83183,99262,97967,99682,98392,98371,98091,98567,99563,98326,97651,99719,98034,97546,98105,98637,100140,97862,99565,98846,81777,80235,84612
VIEW-04 raw release bgra_path 1920x1080 raster: 4477,4408,4518,3975,4327,4298,3926,3834,4084,3260,4235,4425,4571,4363,4062,4044,4006,3031,4071,4440,3998,3501,4362,4245,3028,3441,3329,3484,3360,4022,3353,4076,4166,4485,4069,4059,3426,4336,4303,4374,4110,3986,3860,4071,4012,4137,4234,4027,4044,4055,4261,4155,3931,3962,4086,3736,4069,4055
VIEW-04 result: {"card":"VIEW-04","build_mode":"release","scenario":"redraw_same_image","width":1920,"height":1080,"samples":60,"show_median_ms":16.312,"show_p90_ms":17.596,"frame_timings_in_window":60,"raster_median_ms":4.924,"raster_p90_ms":5.467,"build_median_ms":7.546}
VIEW-04 raw release redraw_same_image 1920x1080 show: 16912,16209,16419,16704,15139,17659,16569,16012,16608,16400,15263,18094,15906,16703,16282,15554,17331,16257,16456,16774,15720,15607,18027,16361,15513,16845,16091,15722,18512,15522,16744,16109,15719,17951,15978,16022,16844,15949,15706,17463,17071,15577,16622,15183,15741,17610,16194,16312,16848,16112,17282,16388,17210,15973,15550,16054,17596,16719,15913,16173
VIEW-04 raw release redraw_same_image 1920x1080 raster: 5155,5412,4533,4832,4672,4877,5434,5199,4925,5413,4564,5029,5467,4682,4732,5223,4546,5095,5562,4554,5010,4466,4908,5249,4462,4697,5926,4397,5297,5434,4525,4869,5263,4563,5266,5419,4457,5383,4350,4976,5736,4754,5499,4725,4646,4400,4120,4105,4628,4328,5047,5518,5411,4644,5406,4431,5201,6373,4244,4924
VIEW-04 result: {"card":"VIEW-04","build_mode":"release","scenario":"planes_as_rgba_upload","width":1920,"height":1080,"samples":60,"texture_width":480,"texture_height":1620,"texture_bytes":3110400,"convert_median_ms":0.001,"convert_p90_ms":0.001,"buffer_median_ms":3.253,"buffer_p90_ms":3.412,"codec_median_ms":0.03,"codec_p90_ms":0.036,"image_median_ms":16.647,"image_p90_ms":19.211,"show_median_ms":15.238,"show_p90_ms":28.631,"total_median_ms":33.429,"total_p90_ms":49.772,"frame_timings_in_window":58,"raster_median_ms":4.935,"raster_p90_ms":5.213,"build_median_ms":7.741}
VIEW-04 raw release planes_as_rgba_upload 1920x1080 convert: 1,1,1,1,1,1,1,1,1,1,1,1,1,1,1,1,1,1,1,1,1,1,1,1,2,1,1,1,1,1,1,1,1,1,1,1,1,1,1,1,1,1,1,1,1,1,1,0,1,0,0,1,1,0,1,1,1,1,1,1
VIEW-04 raw release planes_as_rgba_upload 1920x1080 buffer: 3266,3244,3220,2849,3194,3238,3459,2972,3166,3201,3215,3180,3274,3067,3214,3234,2779,3190,3237,3138,3237,3288,3091,3362,3467,3347,3412,3325,3296,3347,3410,3351,3412,3291,3369,3403,3416,3471,3399,3451,3366,3441,3254,3036,3253,3323,3245,3340,3000,3286,3189,2849,3186,3253,3122,3235,3258,3303,3236,3119
VIEW-04 raw release planes_as_rgba_upload 1920x1080 codec: 33,25,40,29,25,31,29,29,25,32,30,28,25,31,28,29,26,33,25,31,26,44,30,36,36,36,32,27,28,32,30,29,33,28,30,33,31,30,34,33,34,47,34,29,30,28,32,39,27,28,32,26,34,26,26,30,32,31,24,26
VIEW-04 raw release planes_as_rgba_upload 1920x1080 image: 18619,15912,15414,15250,21073,19789,17069,17375,16784,15159,15340,15102,14525,14861,15426,14662,14409,15996,14981,17487,15773,15475,15545,17087,19438,17451,16664,17786,16821,19789,17176,18310,16995,17451,16241,17989,16647,17993,19211,17467,16734,21411,16416,15487,21438,16557,15935,15286,14754,16230,17972,14458,18611,15895,16373,16394,17226,14418,18427,15161
VIEW-04 raw release planes_as_rgba_upload 1920x1080 show: 27356,12185,13671,15399,26316,24976,11350,13057,12910,14094,14671,14597,14482,15182,13970,15048,16030,12875,15238,12059,13150,15425,14359,29799,25798,28943,29761,27849,28631,26304,29189,26988,29297,28300,30131,27705,28417,27451,27557,27980,28626,23588,12221,15376,24976,12321,13715,13768,15465,12705,11581,16386,10599,13971,13104,13098,12840,14863,10662,15122
VIEW-04 raw release planes_as_rgba_upload 1920x1080 total: 49275,31367,32346,33528,50609,48035,31908,33434,32886,32487,33257,32908,32307,33142,32639,32974,33245,32095,33482,32716,32187,34233,33026,50285,48741,49778,49870,48988,48777,49473,49806,48679,49738,49071,49772,49131,48512,48946,50202,48932,48761,48488,31926,33929,49698,32230,32928,32433,33247,32249,32774,33720,32431,33145,32626,32758,33357,32616,32350,33429
VIEW-04 raw release planes_as_rgba_upload 1920x1080 raster: 4850,4915,4711,7969,5198,4830,5598,4723,4713,4915,4872,4598,4704,4857,4638,4639,4877,4438,4843,4935,4798,4945,5435,5300,5126,4973,5320,5037,5117,4975,5191,4983,5207,4944,5189,4892,5265,4831,5204,4934,5213,4338,4827,5046,5195,4974,4885,4590,4939,4963,4538,5011,4863,4577,4901,4990,4609,4964
VIEW-04 geometry 1920x1080 source: 1920x1080 i420 planes(rowStride/pixelStride/height/bytes) 1920/1/1080/2073600/off0 960/1/540/518400/off0 960/1/540/518400/off0
VIEW-04 geometry 1920x1080 copy: 1920x1080 i420 planes(rowStride/pixelStride/height/bytes) 1920/1/1080/2073600/off0 960/1/540/518400/off0 960/1/540/518400/off0
VIEW-04 geometry 1920x1080 oriented: 1080x1920 i420 planes(rowStride/pixelStride/height/bytes) 1080/1/1920/2073600/off0 540/1/960/518400/off0 540/1/960/518400/off0
VIEW-04 result: {"card":"VIEW-04","build_mode":"release","scenario":"convert_control","width":1920,"height":1080,"samples":60,"copy_then_idle_median_ms":33.021,"copy_then_idle_p90_ms":36.426,"copy_then_spin_median_ms":27.543,"copy_then_spin_p90_ms":28.881,"copy_immediate_median_ms":30.689,"copy_immediate_p90_ms":32.854,"oriented_then_idle_median_ms":28.948,"oriented_then_idle_p90_ms":37.717,"oriented_immediate_median_ms":17.447,"oriented_immediate_p90_ms":19.511,"frame_timings_in_window":0,"raster_median_ms":0.0,"raster_p90_ms":0.0,"build_median_ms":0.0}
VIEW-04 raw release convert_control 1920x1080 copy_then_idle: 31583,34522,34167,32691,34950,37264,31732,32054,34049,36426,20834,36918,31277,34792,30746,31452,32468,35090,31234,32701,28392,35434,30073,27382,36601,33074,35365,35584,33562,37823,34202,31252,33309,27582,30296,29904,36261,28312,36541,32914,34822,35215,28305,30324,33021,34712,35137,32912,29983,34371,35565,34132,30603,30038,33756,37599,29817,32960,32475,30683
VIEW-04 raw release convert_control 1920x1080 copy_then_spin: 25714,28192,29404,27591,28307,26903,26801,28456,26829,25939,25238,27215,26640,25728,26925,29095,26726,28881,26905,27657,25871,28448,26492,28516,26284,27788,29467,29312,24933,26908,27264,28203,27543,27745,27887,28062,27505,27239,28196,29627,27974,27348,24426,28826,27354,29126,28719,27019,26761,28135,25562,27938,26675,28207,25715,26836,28225,28114,27479,28207
VIEW-04 raw release convert_control 1920x1080 copy_immediate: 30912,30474,31820,32510,33886,29434,30465,31738,31118,29211,31511,33344,30049,29219,29350,32305,29801,30941,29022,32800,29216,32293,29281,28743,30689,32662,30888,34719,29353,32025,30323,33301,29612,30712,29976,28760,29102,30044,32854,32067,33605,29006,30442,32786,32258,31927,33105,29604,29148,32075,29882,30183,32147,31671,30280,30518,29963,32546,30336,29536
VIEW-04 raw release convert_control 1920x1080 oriented_then_idle: 29048,28797,26076,23045,24042,32414,32185,33376,35305,33177,38390,28922,21582,25624,23359,26082,24367,35818,24275,29781,25473,23963,35815,34667,37609,24385,37866,27300,40425,20752,38750,32067,27389,25461,32558,25725,28611,21462,21314,34492,31944,26344,32083,35889,22434,22437,36970,37266,25633,33397,30473,23780,32312,22707,37835,37717,24948,28948,38142,23012
VIEW-04 raw release convert_control 1920x1080 oriented_immediate: 17740,17327,17782,17527,20399,17264,17722,22111,16472,16574,16449,17456,17818,17483,17535,21752,17104,17478,18540,16490,17078,16841,16434,17154,17166,21793,17109,19511,16446,17762,18034,17537,16936,17154,17676,21056,16845,17447,17299,16349,17097,18645,16091,16203,17001,17862,18902,17597,16977,22199,17941,18108,16922,17600,16588,17182,17120,17396,17700,17243
VIEW-04 raw release convert_control 1920x1080 raster: 
VIEW-04 result: {"card":"VIEW-04","build_mode":"release","scenario":"full_path_cpu_orientation","width":1920,"height":1080,"samples":60,"variant":"cpu","import_median_ms":8.952,"import_p90_ms":9.569,"rotate_median_ms":43.463,"rotate_p90_ms":46.552,"flip_median_ms":12.455,"flip_p90_ms":13.242,"convert_median_ms":17.194,"convert_p90_ms":17.902,"texture_median_ms":45.989,"texture_p90_ms":47.308,"work_median_ms":127.609,"work_p90_ms":131.549,"show_median_ms":19.311,"show_p90_ms":24.481,"total_median_ms":147.735,"total_p90_ms":149.075,"frame_timings_in_window":59,"raster_median_ms":4.676,"raster_p90_ms":4.977,"build_median_ms":8.164}
VIEW-04 raw release full_path_cpu_orientation 1920x1080 import: 9695,8860,8952,8943,8994,10033,9255,8903,9051,8978,8796,9026,6936,8587,8589,9057,8822,6265,8533,9569,8655,8452,9180,8896,9399,11080,8537,9325,9131,9790,8435,6973,8554,9554,9728,9011,9095,8975,8949,8588,8730,8855,9540,8712,9182,8413,9288,8991,7445,8749,9396,9527,8651,10057,8908,8423,9087,9090,8889,8419
VIEW-04 raw release full_path_cpu_orientation 1920x1080 rotate: 43653,41621,45896,43025,46709,43118,40413,46921,41872,46741,42513,42198,46677,40531,44939,44296,40233,39593,36414,43691,45797,42455,42421,47036,41685,43118,43846,42240,47686,43056,45189,41866,41600,45111,42356,45517,43517,41354,46294,39915,45831,45841,41866,45939,43463,45880,42478,40349,42870,40825,43936,41872,46552,42352,45052,46148,42332,46535,44634,44208
VIEW-04 raw release full_path_cpu_orientation 1920x1080 flip: 11834,12118,12882,11825,12953,11928,12701,12523,12077,13068,12498,12303,12501,12096,13424,11677,12286,12455,11679,11891,13456,12276,12501,12356,11991,13147,12434,12618,12265,12017,13157,12122,12089,14461,12389,13242,14816,12275,12322,12554,13400,11944,12164,12867,12475,12787,12684,11743,12638,11808,12688,11969,12820,11874,12724,12303,11533,13126,13002,13866
VIEW-04 raw release full_path_cpu_orientation 1920x1080 convert: 17382,17158,17513,17203,17040,17493,18164,17844,17102,17033,17595,17139,17060,16609,17055,17285,17647,16715,16623,17205,16636,16589,16974,17194,16656,16573,17324,17040,17287,17074,16382,16584,17000,18539,17222,18113,17950,17209,17495,16910,18174,17595,17139,17914,17378,16642,17316,16908,16595,17025,17861,17265,17073,17176,16558,17270,17064,17902,17505,17272
VIEW-04 raw release full_path_cpu_orientation 1920x1080 texture: 47480,46509,46691,47308,44274,47666,43372,46097,47294,44663,42489,41622,46121,46848,45907,45297,42039,43055,46268,46374,43052,46339,45475,46059,46132,45670,44555,45601,46730,45989,37994,48811,45353,39256,46464,43220,41801,46334,42549,46816,45811,47345,46765,43141,46905,46194,43220,45972,45833,45420,43129,47440,46705,46163,46770,46470,44120,43272,47519,43561
VIEW-04 raw release full_path_cpu_orientation 1920x1080 work: 130044,126266,131934,128304,129970,130238,123905,132288,127396,130483,123891,122288,129295,124671,129914,127612,121027,118083,119517,128730,127596,126111,126551,131541,125863,129588,126696,126824,133099,127926,121157,126356,124596,126921,128159,129103,127179,126147,127609,124783,131946,131580,127474,128573,129403,129916,124986,123963,125381,123827,127010,128073,131801,127622,130012,130614,124136,129925,131549,127326
VIEW-04 raw release full_path_cpu_orientation 1920x1080 show: 17111,22809,15344,20220,17841,17384,24743,15254,20827,16226,25286,24948,17175,25554,17762,18576,8364,13695,15436,19311,20329,21624,21862,12647,26089,17518,21682,20879,14543,20148,6703,24395,23199,21682,19787,16600,21182,23535,18662,24916,15105,15599,21584,19294,18320,18269,20432,6662,9194,24481,20037,19812,17215,20013,17007,18155,23918,17603,16072,21280
VIEW-04 raw release full_path_cpu_orientation 1920x1080 total: 147155,149075,147278,148524,147811,147622,148648,147542,148223,146709,149177,147236,146470,150225,147676,146188,129391,131778,134953,148041,147925,147735,148413,144188,151952,147106,148378,147703,147642,148074,127860,150751,147795,148603,147946,145703,148361,149682,146271,149699,147051,147179,149058,147867,147723,148185,145418,130625,134575,148308,147047,147885,149016,147635,147019,148769,148054,147528,147621,148606
VIEW-04 raw release full_path_cpu_orientation 1920x1080 raster: 4673,4821,4706,5009,4615,4623,4691,4730,5191,4498,4977,4573,4478,4950,4660,4798,3448,3596,4895,4628,4564,4631,4818,4650,6421,4480,4802,4857,4635,4617,3503,4664,5141,4984,4722,4982,4686,4801,4434,4908,4604,4637,4540,4807,4692,4723,4635,3773,4357,4784,4636,4820,4718,4756,4246,4591,4640,4676,4759
VIEW-04 result: {"card":"VIEW-04","build_mode":"release","scenario":"full_path_draw_orientation","width":1920,"height":1080,"samples":60,"variant":"canvas","import_median_ms":8.454,"import_p90_ms":9.16,"rotate_median_ms":0.004,"rotate_p90_ms":0.005,"flip_median_ms":0.001,"flip_p90_ms":0.001,"convert_median_ms":30.901,"convert_p90_ms":33.878,"texture_median_ms":40.759,"texture_p90_ms":41.837,"work_median_ms":80.331,"work_p90_ms":83.485,"show_median_ms":17.202,"show_p90_ms":23.426,"total_median_ms":97.859,"total_p90_ms":101.061,"frame_timings_in_window":59,"raster_median_ms":4.499,"raster_p90_ms":4.904,"build_median_ms":7.661}
VIEW-04 raw release full_path_draw_orientation 1920x1080 import: 7140,8290,9103,8180,7566,8371,6884,8741,7605,8241,6539,8454,8122,8765,7497,8512,9230,8814,8731,9141,10094,6207,8843,6908,7616,5367,8622,8686,8325,8950,9381,8931,8587,7223,8663,8034,6885,6706,8393,7164,8656,8183,9179,9625,8676,8636,9160,8364,8243,7015,7750,7771,8211,8482,7639,8676,9027,8918,8559,9506
VIEW-04 raw release full_path_draw_orientation 1920x1080 rotate: 4,4,4,3,4,4,4,3,3,3,3,5,4,3,3,4,4,5,3,4,5,4,5,2,3,3,5,4,4,3,3,5,3,3,4,4,4,5,3,3,4,4,4,3,4,4,4,3,4,3,3,4,4,4,4,5,3,3,4,4
VIEW-04 raw release full_path_draw_orientation 1920x1080 flip: 1,1,1,1,0,1,0,1,0,1,0,0,0,0,1,0,1,0,1,1,1,0,1,1,1,0,0,1,1,1,1,0,1,0,1,1,0,0,1,1,1,1,0,1,1,1,1,1,1,1,1,0,0,0,0,0,1,1,1,0
VIEW-04 raw release full_path_draw_orientation 1920x1080 convert: 34273,33502,33574,33878,31000,34664,28076,33540,21367,27234,29637,34785,28291,32672,29058,30437,30918,30574,30723,30211,32600,24339,30994,28921,30065,22239,30732,31282,30404,29674,30687,32761,33581,28587,35457,32895,28886,34018,33066,30238,30394,30741,31168,30901,31625,31584,32990,32530,32377,29236,34976,31692,30015,32705,28842,30404,30141,30397,29836,31643
VIEW-04 raw release full_path_draw_orientation 1920x1080 texture: 41315,41837,41259,38978,39794,41133,40797,39481,36475,40186,39697,40759,40674,40670,40552,42155,41132,41408,40873,44128,35928,34888,38137,34309,35275,39334,41739,42225,40458,40124,39962,40418,40127,40401,41755,41603,41575,40896,41748,40772,40718,38313,42351,39344,41565,41207,41057,41093,41283,41411,40275,39451,41908,40436,40420,41082,40072,40249,40851,42530
VIEW-04 raw release full_path_draw_orientation 1920x1080 work: 82733,83634,83941,81040,78364,84173,75761,81766,65450,75665,75876,84003,77091,82110,77111,81108,81285,80801,80331,83485,78628,65438,77980,70141,72960,66943,81098,82198,79192,78752,80034,82115,82299,76214,85880,82537,77350,81625,83211,78178,79773,77242,82702,79874,81871,81432,83212,81991,81908,77666,83005,78918,80138,81627,76905,80167,79244,79568,79251,83683
VIEW-04 raw release full_path_draw_orientation 1920x1080 show: 13283,17711,13492,16588,21214,12815,25300,16093,14625,7343,25429,11865,23426,14393,24511,17034,17693,16671,17202,16697,17678,18685,16787,13981,8174,18998,17915,15662,18538,19017,20977,14399,15630,24829,12756,13935,23468,16102,13202,22915,19002,22221,14706,18226,18112,17479,13018,17661,15564,22388,16077,17043,21778,13791,25026,16804,19785,18252,21373,12189
VIEW-04 raw release full_path_draw_orientation 1920x1080 total: 96016,101345,97433,97628,99578,96988,101061,97859,80075,83008,101305,95868,100517,96503,101622,98142,98978,97472,97533,100182,96306,84123,94767,84122,81134,85941,99013,97860,97730,97769,101011,96514,97929,101043,98636,96472,100818,97727,96413,101093,98775,99463,97408,98100,99983,98911,96230,99652,97472,100054,99082,95961,101916,95418,101931,96971,99029,97820,100624,95872
VIEW-04 raw release full_path_draw_orientation 1920x1080 raster: 4260,5051,4314,4412,4751,3862,5035,4407,4022,3752,4759,3916,4493,3830,4562,4521,4495,4560,5008,4775,3370,4568,3512,3783,3281,4778,4619,4700,4981,4563,4654,4728,3803,4595,4410,3944,4472,4531,3668,4567,4108,4904,4457,4427,4499,4252,4487,4457,4118,5733,4670,4454,4842,4067,4843,4961,4743,4707,4821
VIEW-04 result: {"card":"VIEW-04","build_mode":"release","scenario":"full_path_shader","width":1920,"height":1080,"samples":60,"variant":"shader","import_median_ms":8.47,"import_p90_ms":9.174,"rotate_median_ms":0.004,"rotate_p90_ms":0.004,"flip_median_ms":0.001,"flip_p90_ms":0.001,"convert_median_ms":9.245,"convert_p90_ms":10.353,"texture_median_ms":16.201,"texture_p90_ms":16.976,"work_median_ms":34.127,"work_p90_ms":35.497,"show_median_ms":15.525,"show_p90_ms":18.079,"total_median_ms":49.402,"total_p90_ms":51.396,"frame_timings_in_window":60,"raster_median_ms":4.423,"raster_p90_ms":4.709,"build_median_ms":8.246}
VIEW-04 raw release full_path_shader 1920x1080 import: 9211,8437,8759,8435,7495,8803,8513,7881,8664,8698,8489,8565,8470,9257,9305,8114,9275,7494,8640,7861,8102,8685,8658,7814,7494,7819,9063,8703,8086,8240,8213,8941,7993,9672,8261,8816,8278,8716,8043,8826,9372,8648,8973,7447,7366,8133,9158,8413,8417,8532,7366,8167,8371,8466,8883,8102,8289,8018,8598,9174
VIEW-04 raw release full_path_shader 1920x1080 rotate: 4,4,4,4,3,4,3,3,4,4,4,4,4,4,4,3,4,5,4,4,4,6,3,3,3,4,4,4,4,3,4,3,4,3,4,4,4,4,3,3,4,4,4,3,4,4,3,3,4,4,3,4,3,4,5,3,3,2,4,4
VIEW-04 raw release full_path_shader 1920x1080 flip: 0,0,1,1,1,1,1,1,0,0,0,1,1,1,1,0,0,1,1,1,0,0,1,1,1,0,1,0,1,1,0,1,0,1,1,1,1,1,1,1,0,0,0,1,0,1,0,1,0,1,1,0,1,0,0,1,1,1,0,0
VIEW-04 raw release full_path_shader 1920x1080 convert: 9134,8700,9456,7907,9020,9298,11199,7707,9252,10423,8506,10529,9788,10128,8759,8701,8830,8035,9084,9754,7858,9245,9799,8432,8996,8828,10013,9480,9942,8788,9786,8924,9581,8562,10946,9229,8913,9722,9218,10042,8827,10400,9640,8290,8945,9748,11044,9858,9403,9017,9691,8634,9892,8379,10353,8644,9250,8460,10049,9020
VIEW-04 raw release full_path_shader 1920x1080 texture: 14950,15898,15907,15208,16008,16021,15856,15171,16436,16272,16248,16032,16178,17247,16290,16700,16347,16781,15587,16342,15016,16857,15994,16625,16060,15925,15222,16880,15530,16737,17097,16023,16856,16109,16285,16087,17030,16162,17228,16201,17554,15935,16921,15598,16464,15012,19511,16976,15765,16516,16034,16364,16327,16443,16736,16062,16485,16034,15897,15731
VIEW-04 raw release full_path_shader 1920x1080 work: 33299,33039,34127,31555,32527,34127,35572,30763,34356,35397,33247,35131,34441,36637,34359,33518,34456,32316,33316,33962,30980,34793,34455,32875,32554,32576,34303,35067,33563,33769,35100,33892,34434,34347,35497,34137,34226,34605,34493,35073,35757,34987,35538,31339,32779,32898,39716,35251,33589,34070,33095,33169,34594,33292,35977,32812,34028,32515,34548,33929
VIEW-04 raw release full_path_shader 1920x1080 show: 17022,15465,15560,16732,17026,15817,12143,19640,14948,13718,14787,16395,12859,14902,12557,18266,12171,16170,17842,14664,19575,13812,15417,16160,17202,15525,17093,11997,17699,14456,15236,14703,15905,13995,14525,15175,13284,16932,13375,15293,11003,17164,11011,18585,16602,18090,26402,12086,16933,13377,17375,16108,14808,16585,12875,17353,14146,18079,14402,15939
VIEW-04 raw release full_path_shader 1920x1080 total: 50321,48504,49687,48287,49553,49944,47715,50403,49304,49115,48034,51526,47300,51539,46916,51784,46627,48486,51158,48626,50555,48605,49872,49035,49756,48101,51396,47064,51262,48225,50336,48595,50339,48342,50022,49312,47510,51537,47868,50366,46760,52151,46549,49924,49381,50988,66118,47337,50522,47447,50470,49277,49402,49877,48852,50165,48174,50594,48950,49868
VIEW-04 raw release full_path_shader 1920x1080 raster: 4518,4488,4377,4288,4596,4466,3952,4403,4716,4296,4550,4895,4498,4626,4149,4724,4060,4077,4073,3890,4239,4423,4009,4186,4101,4785,4654,4302,4539,4311,4482,4382,4407,4346,4609,4357,4545,4549,4457,4592,4332,4821,3670,4138,3771,4629,4652,4446,4322,3922,4299,4466,4344,4709,4234,4548,4250,4736,4445,4502
VIEW-04 geometry 1920x1080 source: 1920x1080 i420 planes(rowStride/pixelStride/height/bytes) 1920/1/1080/2073600/off0 960/1/540/518400/off0 960/1/540/518400/off0
VIEW-04 geometry 1920x1080 copy: 1920x1080 i420 planes(rowStride/pixelStride/height/bytes) 1920/1/1080/2073600/off0 960/1/540/518400/off0 960/1/540/518400/off0
VIEW-04 geometry 1920x1080 oriented: 1080x1920 i420 planes(rowStride/pixelStride/height/bytes) 1080/1/1920/2073600/off0 540/1/960/518400/off0 540/1/960/518400/off0
VIEW-04 result: {"card":"VIEW-04","build_mode":"release","scenario":"convert_control","width":1920,"height":1080,"samples":60,"copy_then_idle_median_ms":33.805,"copy_then_idle_p90_ms":36.003,"copy_then_spin_median_ms":27.019,"copy_then_spin_p90_ms":28.195,"copy_immediate_median_ms":30.357,"copy_immediate_p90_ms":32.728,"oriented_then_idle_median_ms":29.388,"oriented_then_idle_p90_ms":36.212,"oriented_immediate_median_ms":17.076,"oriented_immediate_p90_ms":18.17,"frame_timings_in_window":0,"raster_median_ms":0.0,"raster_p90_ms":0.0,"build_median_ms":0.0}
VIEW-04 raw release convert_control 1920x1080 copy_then_idle: 35583,35724,33434,30009,30204,35151,32546,29339,29321,33819,34113,33915,34631,33166,32344,37228,31346,35710,34217,31086,35293,35661,31649,35242,36061,33458,32651,28191,33296,34266,31885,30696,36003,35358,35274,32811,36020,30578,29951,37508,33805,32008,31991,35473,36135,33364,29534,33095,35991,31794,31837,34044,31699,35368,16220,32929,34412,34016,38000,35535
VIEW-04 raw release convert_control 1920x1080 copy_then_spin: 27982,27325,26586,27372,25508,27374,27989,27019,26804,29249,28050,27197,26078,27930,27066,17307,25985,26488,25443,27581,26576,26804,25769,28153,25077,26672,27428,27762,26491,27464,25518,28195,26668,26665,28279,26073,28098,25220,24873,28640,28945,20915,29289,27281,28220,26913,25872,26725,27534,25683,25598,27217,27202,27226,22874,25590,25173,27066,27578,25203
VIEW-04 raw release convert_control 1920x1080 copy_immediate: 32728,26199,29514,28597,30796,28674,28860,30821,28933,32876,32669,33266,27869,28236,32455,27124,33249,29304,28530,32886,28566,29507,28660,28997,31030,33068,30441,27813,25362,32710,25762,30357,29497,31195,32620,33439,31191,29746,31602,30632,32063,28941,30648,29234,32141,28814,29260,26202,32624,29092,28285,31801,30959,31377,29556,32020,31583,29417,32137,29178
VIEW-04 raw release convert_control 1920x1080 oriented_then_idle: 25329,29393,22102,26257,23752,24800,29388,22824,30173,32659,24002,21770,34221,20402,33913,29084,21511,24245,31212,32438,34158,21779,21141,31574,32840,26642,34130,22446,37208,29987,21944,25039,33426,22658,30911,32146,41458,36613,32151,29423,19820,23773,21343,30680,39658,21054,31535,26240,23923,27920,33341,24748,39853,23677,31081,36212,32337,20288,24957,41467
VIEW-04 raw release convert_control 1920x1080 oriented_immediate: 15968,17779,17568,17702,17412,17444,16917,16995,16470,17503,16447,17255,16466,17328,15930,18170,21240,17484,16320,16999,16407,16318,20135,16911,17070,17393,16965,17500,16225,18238,17475,16903,19333,17186,16260,16295,16521,17093,15710,16836,17155,16282,19837,16971,16859,17342,17145,16737,17182,17262,15593,17076,17791,17239,15560,21443,16980,17051,16020,17568
VIEW-04 raw release convert_control 1920x1080 raster: 
VIEW-04 result: {"card":"VIEW-04","build_mode":"release","scenario":"full_path_cpu_orientation","width":1920,"height":1080,"samples":60,"variant":"cpu","import_median_ms":8.567,"import_p90_ms":8.917,"rotate_median_ms":41.525,"rotate_p90_ms":45.352,"flip_median_ms":12.448,"flip_p90_ms":13.339,"convert_median_ms":17.212,"convert_p90_ms":18.074,"texture_median_ms":42.711,"texture_p90_ms":43.503,"work_median_ms":122.994,"work_p90_ms":127.631,"show_median_ms":21.913,"show_p90_ms":25.863,"total_median_ms":147.136,"total_p90_ms":148.558,"frame_timings_in_window":56,"raster_median_ms":4.937,"raster_p90_ms":5.107,"build_median_ms":9.902}
VIEW-04 raw release full_path_cpu_orientation 1920x1080 import: 8393,8816,8877,8831,8840,8455,7801,8002,8549,5077,5881,8990,8436,9131,8583,8145,8841,8578,8884,8448,6703,8763,8751,9203,8033,8692,8769,8353,7886,7602,9864,8119,7806,8851,7973,8917,8289,8757,8379,8623,8463,7034,8694,6877,8424,8515,8176,8567,8652,7367,8538,8898,7017,8729,11319,6621,9024,8755,8850,8866
VIEW-04 raw release full_path_cpu_orientation 1920x1080 rotate: 40800,44734,43063,44349,43494,41817,42059,40314,41514,33434,34308,44361,40519,45325,40752,41495,43640,41698,46418,40396,36905,38763,46477,42658,40144,43842,39575,43904,39900,40625,42391,44513,42925,40944,43426,41525,45570,43473,41508,46108,39817,39942,40765,39017,41040,43152,41679,45352,39562,38645,41394,46650,39718,44123,38923,37005,40712,45731,42309,41401
VIEW-04 raw release full_path_cpu_orientation 1920x1080 flip: 12416,12815,12065,13118,12141,12448,12446,11951,13045,12187,12623,12179,12066,12061,11987,12334,12180,12189,13345,12677,11605,14207,13058,12677,12303,13226,11745,12384,12008,15632,11912,12885,12865,12681,13339,12635,13217,12176,12517,12922,12645,12044,11557,12114,11972,12278,12619,12500,11588,14585,13134,12749,12419,12488,11615,10761,14345,13218,13839,12446
VIEW-04 raw release full_path_cpu_orientation 1920x1080 convert: 17033,17824,17212,16546,17379,17031,16475,16877,17000,16564,17809,17914,16863,17279,18306,16908,17355,16937,17739,17869,16828,18074,17839,17271,16794,18681,16987,16967,16519,17860,17121,16546,17194,16939,17613,18508,17703,17369,17042,17531,17823,16565,17045,16809,16935,16950,17162,17427,16625,17264,18233,17872,17252,17360,16847,16613,17542,18832,18243,16829
VIEW-04 raw release full_path_cpu_orientation 1920x1080 texture: 43613,43076,42851,43068,41876,41238,42625,43019,42004,40776,41153,41871,43006,42398,43194,43574,42944,43503,42746,42398,42943,42860,42903,42813,43185,41800,42091,42153,41608,42961,41706,42412,42773,48216,42029,42329,43353,42774,43360,42749,41439,43160,41710,42088,42854,42461,43763,42472,42578,43799,42700,42504,42711,39897,37694,42085,44266,42610,43137,42547
VIEW-04 raw release full_path_cpu_orientation 1920x1080 work: 122255,127265,124068,125912,123730,120989,121406,120163,122112,108038,111774,125315,120890,126194,122822,122456,124960,122905,129132,121788,114984,122667,129028,124622,120459,126241,119167,123761,117921,124680,122994,124475,123563,127631,124380,123914,128132,124549,122806,127933,120187,118745,119771,116905,121225,123356,123399,126318,119005,121660,123999,128673,119117,122597,116398,113085,125889,129146,126378,122089
VIEW-04 raw release full_path_cpu_orientation 1920x1080 show: 25863,19981,24426,21988,23402,8240,12570,8813,7431,6592,24742,22545,27406,21407,22975,27580,22773,25081,15041,9512,18962,26679,18536,23691,27439,19755,14002,22116,15307,23400,25564,22123,24746,20732,24118,23650,19961,23290,25148,16519,14380,11751,9534,16456,9374,25500,26036,19752,11164,12596,24822,16925,14277,23815,12697,22249,21913,19219,20758,26583
VIEW-04 raw release full_path_cpu_orientation 1920x1080 total: 148118,147246,148494,147900,147132,129229,133976,128976,129543,114630,136516,147860,148296,147601,145797,150036,147733,147986,144173,131300,133946,149346,147564,148313,147898,145996,133169,145877,133228,148080,148558,146598,148309,148363,148498,147564,148093,147839,147954,144452,134567,130496,129305,133361,130599,148856,149435,146070,130169,134256,148821,145598,133394,146412,129095,135334,147802,148365,147136,148672
VIEW-04 raw release full_path_cpu_orientation 1920x1080 raster: 5217,5119,4747,5087,4995,4446,4963,4816,3886,4139,5113,5088,5317,5041,4905,5000,5095,5021,4927,3827,4904,4937,4805,5062,5024,4960,4620,4745,4525,5012,4974,4464,5031,4812,4908,4839,5107,5035,5040,4774,4233,4686,3996,4871,4758,5042,5089,4757,4306,4939,5107,4854,4656,5104,3993,5123
VIEW-04 result: {"card":"VIEW-04","build_mode":"release","scenario":"full_path_draw_orientation","width":1920,"height":1080,"samples":60,"variant":"canvas","import_median_ms":8.41,"import_p90_ms":9.102,"rotate_median_ms":0.003,"rotate_p90_ms":0.005,"flip_median_ms":0.001,"flip_p90_ms":0.001,"convert_median_ms":30.416,"convert_p90_ms":32.845,"texture_median_ms":43.557,"texture_p90_ms":44.76,"work_median_ms":82.278,"work_p90_ms":85.919,"show_median_ms":16.464,"show_p90_ms":23.078,"total_median_ms":98.536,"total_p90_ms":102.103,"frame_timings_in_window":55,"raster_median_ms":4.826,"raster_p90_ms":5.08,"build_median_ms":9.053}
VIEW-04 raw release full_path_draw_orientation 1920x1080 import: 8191,7624,7660,7522,8490,8830,7207,8639,5116,9196,8972,9087,8910,8888,9552,8410,8817,8371,7429,8044,8674,8685,8917,9683,8941,9102,9156,7352,6813,9053,8291,7522,8661,6695,8099,8288,8890,8604,9014,8009,9492,8783,6940,7545,8804,7950,7680,6491,7826,6315,8384,8748,9605,9036,7973,9005,6898,8307,7985,8383
VIEW-04 raw release full_path_draw_orientation 1920x1080 rotate: 3,3,4,3,5,5,3,7,2,3,5,3,4,4,4,4,4,4,2,3,3,3,2,3,3,4,3,5,3,3,3,3,3,3,3,4,4,3,6,4,4,3,4,3,3,4,4,3,3,7,3,2,4,5,4,4,2,6,4,4
VIEW-04 raw release full_path_draw_orientation 1920x1080 flip: 0,0,0,1,0,1,0,1,0,0,1,1,1,1,1,0,1,1,1,1,0,1,1,1,1,1,1,0,1,1,1,1,1,52,1,0,0,1,1,0,0,1,0,1,1,0,0,1,1,0,0,1,1,1,0,0,1,0,1,1
VIEW-04 raw release full_path_draw_orientation 1920x1080 convert: 29396,29347,31459,29638,29340,30416,27487,30381,20091,30260,30027,29704,30630,30960,32212,30867,33611,33185,27267,30055,29032,30858,29860,29350,28986,31796,31017,30450,30690,32758,31001,27754,32159,27280,30219,29170,29954,29547,30872,30134,32507,33205,30974,28581,32845,32903,32199,27412,32372,27815,30769,28809,29536,31017,29532,32576,30616,33327,33499,30247
VIEW-04 raw release full_path_draw_orientation 1920x1080 texture: 43239,41354,44850,41475,44443,46278,41694,41942,40058,44555,45685,41414,41079,44033,41974,44102,44858,44282,43481,44441,43107,44130,42426,44529,43141,41539,43593,43670,43330,44665,43021,41074,44829,43414,39871,43224,43163,43720,42670,43557,43999,44450,43942,42141,44266,44530,44496,42660,44229,42723,46595,43612,42338,43392,43909,44539,41824,41658,44760,42173
VIEW-04 raw release full_path_draw_orientation 1920x1080 work: 80829,78328,83973,78639,82278,85530,76391,80970,65267,84014,84690,80209,80624,83886,83743,83383,87291,85843,78180,82544,80816,83677,81206,83566,81072,82442,83770,81477,80837,86480,82317,76354,85653,77444,78193,80686,82011,81875,82563,81704,86002,86442,81860,78271,85919,85387,84379,76567,84431,76860,85751,81172,81484,83451,81418,86124,79341,83298,86249,80808
VIEW-04 raw release full_path_draw_orientation 1920x1080 show: 17611,21719,15310,17807,18902,10491,25741,11496,22344,14449,12939,18384,16029,18217,11520,18950,27430,9173,23078,13887,19835,15755,16196,13510,17589,16241,14018,17682,20934,11697,13342,24102,10953,24172,18225,19789,16126,15956,14355,19263,13575,8416,17691,21327,14607,13134,10790,25764,10128,26003,10005,18374,17014,13033,21168,8554,21724,16464,12287,17266
VIEW-04 raw release full_path_draw_orientation 1920x1080 total: 98440,100047,99283,96446,101180,96021,102132,92466,87611,98463,97629,98593,96653,102103,95263,102333,114721,95016,101258,96431,100651,99432,97402,97076,98661,98683,97788,99159,101771,98177,95659,100456,96606,101616,96418,100475,98137,97831,96918,100967,99577,94858,99551,99598,100526,98521,95169,102331,94559,102863,95756,99546,98498,96484,102586,94678,101065,99762,98536,98074
VIEW-04 raw release full_path_draw_orientation 1920x1080 raster: 4249,4700,4546,5194,5287,4315,4911,3273,4921,4746,4742,4736,5022,5063,4447,5074,4826,4004,5044,4117,4866,4790,4964,4886,4966,4854,4364,4275,4941,4444,4300,4929,4086,5025,4383,5077,4875,5099,4932,4814,5156,4051,4432,4968,4697,4768,4013,5061,3923,5080,4532,5135,5059,4506,5067
VIEW-04 result: {"card":"VIEW-04","build_mode":"release","scenario":"full_path_shader","width":1920,"height":1080,"samples":60,"variant":"shader","import_median_ms":7.872,"import_p90_ms":8.828,"rotate_median_ms":0.004,"rotate_p90_ms":0.005,"flip_median_ms":0.001,"flip_p90_ms":0.001,"convert_median_ms":8.699,"convert_p90_ms":9.826,"texture_median_ms":16.128,"texture_p90_ms":16.981,"work_median_ms":32.626,"work_p90_ms":33.829,"show_median_ms":16.698,"show_p90_ms":19.487,"total_median_ms":49.478,"total_p90_ms":51.447,"frame_timings_in_window":53,"raster_median_ms":4.533,"raster_p90_ms":5.012,"build_median_ms":9.527}
VIEW-04 raw release full_path_shader 1920x1080 import: 7721,8037,7376,8269,7860,8484,7073,7949,8209,7154,8071,8184,8440,6837,8968,6583,7872,6059,9353,7305,7441,7552,5817,7434,8828,8267,6082,7707,7482,8680,8332,8430,7334,7322,7206,8004,8255,7279,6803,7840,9344,6773,9159,7027,6067,8452,7766,7823,8873,7438,8897,8077,8483,8076,8238,8019,6946,7488,7918,8655
VIEW-04 raw release full_path_shader 1920x1080 rotate: 3,4,4,5,3,3,4,3,4,4,5,5,46,4,6,3,4,3,4,3,4,4,3,3,3,4,3,3,3,4,3,5,3,3,4,3,3,5,3,4,4,4,3,4,3,3,4,3,5,3,4,4,4,3,3,3,4,3,4,4
VIEW-04 raw release full_path_shader 1920x1080 flip: 1,1,0,0,1,1,0,0,0,0,0,0,1,1,1,1,0,1,0,1,1,1,1,1,1,1,0,1,1,1,1,0,1,1,1,1,1,0,1,1,1,0,1,1,1,1,0,1,0,0,1,0,1,1,1,0,0,1,1,1
VIEW-04 raw release full_path_shader 1920x1080 convert: 8798,8556,8282,8414,8668,10099,7574,9039,9152,8291,8011,9219,8698,8333,8327,8169,9458,9971,9182,8411,8822,8489,10177,7964,8680,8741,10486,8506,8775,8699,7721,9541,8957,9443,8147,9283,8898,8623,7475,9977,8185,8738,7640,8230,11021,9826,8960,8887,9254,8421,8985,8169,8579,8003,9396,8165,8125,7571,9397,9137
VIEW-04 raw release full_path_shader 1920x1080 texture: 15177,13743,15974,16385,16248,15865,15173,16128,15643,16752,15754,16381,15441,16296,16466,17203,15735,16563,16981,16307,16032,19083,16982,16454,16284,15596,16837,16080,16336,15242,16325,16114,16786,15376,16105,15502,16339,16195,14975,16007,15870,16617,15507,17145,15991,17438,16320,17035,15676,16142,16313,15739,14960,15849,15983,15139,16235,15134,16291,15623
VIEW-04 raw release full_path_shader 1920x1080 work: 31700,30341,31636,33073,32780,34452,29824,33119,33008,32201,31841,33789,32626,31471,33768,31959,33069,32597,35520,32027,32300,35129,32980,31856,33796,32609,33408,32297,32597,32626,32382,34090,33081,32145,31463,32793,33496,32102,29257,33829,33404,32132,32310,32407,33083,35720,33050,33749,33808,32004,34200,31989,32027,31932,33621,31326,31310,30197,33611,33420
VIEW-04 raw release full_path_shader 1920x1080 show: 15771,19858,17843,16374,16698,13164,20016,18685,13441,18328,17961,16829,14825,19487,15137,14581,17984,15641,15518,16048,17747,12069,18483,17852,15986,15297,15840,17119,17148,16610,15472,17357,13334,19303,16162,18910,13753,17008,20739,16928,13739,20597,14809,14706,19865,12341,17181,15287,14832,17110,16115,14674,19211,17770,16022,15973,17543,20960,16762,15512
VIEW-04 raw release full_path_shader 1920x1080 total: 47471,50199,49479,49447,49478,47616,49840,51804,46449,50529,49802,50618,47451,50958,48905,46540,51053,48238,51038,48075,50047,47198,51463,49708,49782,47906,49248,49416,49745,49236,47854,51447,46415,51448,47625,51703,47249,49110,49996,50757,47143,52729,47119,47113,52948,48061,50231,49036,48640,49114,50315,46663,51238,49702,49643,47299,48853,51157,50373,48932
VIEW-04 raw release full_path_shader 1920x1080 raster: 4959,4331,4481,4884,5012,4284,4605,5044,4084,4651,4786,5165,4143,4954,4172,4388,4474,4963,4533,4459,4599,4207,4195,4577,4942,4423,4373,4533,4907,4507,4572,4477,3780,4459,4474,5063,4339,4100,4559,5034,4013,5020,4134,4244,4863,4620,4700,4983,4614,4757,4449,4544,4521
VIEW-04 shader check 720x480 mode=release matched=transpose {"transpose":{"max_diff":0,"channels_off_by_more_than_1":0},"anti_transpose":{"max_diff":199,"channels_off_by_more_than_1":1022212}}
VIEW-04 done mode=release
