[IMPORTANT:flutter/shell/platform/android/android_context_vk_impeller.cc(62)] Using the Impeller rendering backend (Vulkan).
[IMPORTANT:flutter/shell/platform/android/android_context_gl_impeller.cc(104)] Using the Impeller rendering backend (OpenGLES).
VIEW-04 result: {"card":"VIEW-04","build_mode":"release","scenario":"bgra_path","width":720,"height":480,"samples":60,"texture_width":720,"texture_height":480,"texture_bytes":1382400,"convert_median_ms":2.49,"convert_p90_ms":3.282,"buffer_median_ms":0.703,"buffer_p90_ms":0.819,"codec_median_ms":0.016,"codec_p90_ms":0.02,"image_median_ms":5.197,"image_p90_ms":7.315,"show_median_ms":8.1,"show_p90_ms":8.984,"total_median_ms":16.426,"total_p90_ms":16.516,"frame_timings_in_window":51,"raster_median_ms":6.937,"raster_p90_ms":8.992,"build_median_ms":0.519}
VIEW-04 raw release bgra_path 720x480 convert: 2490,3282,3496,5357,3514,2541,3838,3078,2300,2509,2417,3193,2988,2342,2311,2315,2319,2322,2580,2600,2481,2364,2390,3155,2483,2648,2551,2525,2409,2392,2498,2448,2478,2420,2420,2570,2559,2587,2597,2542,2357,2484,2433,3313,2450,2428,2528,2477,2383,2458,2473,2372,2669,2674,2742,2824,3336,2387,2399,2401
VIEW-04 raw release bgra_path 720x480 buffer: 769,743,769,743,937,830,905,1156,650,677,698,677,689,711,724,662,632,651,700,722,677,717,654,1215,776,732,691,697,765,739,807,680,668,701,703,682,722,698,671,761,649,672,725,671,764,663,666,703,653,661,703,655,663,697,819,844,747,750,796,660
VIEW-04 raw release bgra_path 720x480 codec: 19,19,16,16,19,17,16,17,15,14,16,20,18,16,18,15,15,16,16,17,15,16,15,20,16,21,15,15,15,15,15,16,21,15,16,16,17,16,15,16,15,16,15,16,16,15,15,18,15,15,16,16,15,21,20,26,16,15,15,15
VIEW-04 raw release bgra_path 720x480 image: 8859,7816,9625,6772,6264,6285,7678,5567,4760,6311,6454,7035,5913,5282,5197,5098,4448,7315,4898,4975,4967,4833,7385,5273,6983,5727,6807,6739,4712,6237,5304,5352,4550,5087,4577,4390,4792,5750,5038,4842,4736,4811,4234,4828,4610,5221,5084,4073,4448,4135,4285,4301,4372,4597,6223,7761,5597,5261,4645,4445
VIEW-04 raw release bgra_path 720x480 show: 3890,4537,2860,3575,5218,6864,3958,6519,8791,7650,6127,5458,6778,8092,8148,8344,8984,6141,8311,8142,8194,8523,6051,6657,7130,6470,6373,6481,8463,7072,7737,7930,8692,8208,8725,8762,8333,7430,8100,8192,8684,8489,9063,7612,8583,8107,8088,9144,8996,9086,8942,9080,8769,8635,7469,4162,6493,7998,8560,8989
VIEW-04 raw release bgra_path 720x480 total: 16027,16397,16766,16463,15952,16537,16395,16337,16516,17161,15712,16383,16386,16443,16398,16434,16398,16445,16505,16456,16334,16453,16495,16320,17388,15598,16437,16457,16364,16455,16361,16426,16409,16431,16441,16420,16423,16481,16421,16353,16441,16472,16470,16440,16423,16434,16381,16415,16495,16355,16419,16424,16488,16624,17273,15617,16189,16411,16415,16510
VIEW-04 raw release bgra_path 720x480 raster: 8992,8007,9018,8929,9322,9273,8541,8357,9094,7433,8523,7337,8008,8911,8026,8216,8386,8031,8304,8042,8507,9417,6958,6955,5949,6865,6612,6688,6608,6551,6879,6675,6748,6985,6747,6764,6778,6623,6937,6602,6780,6658,6695,6538,6732,6719,6718,6807,6584,6793,6639
VIEW-04 result: {"card":"VIEW-04","build_mode":"release","scenario":"redraw_same_image","width":720,"height":480,"samples":60,"show_median_ms":16.415,"show_p90_ms":16.871,"frame_timings_in_window":60,"raster_median_ms":16.228,"raster_p90_ms":17.151,"build_median_ms":3.263}
VIEW-04 raw release redraw_same_image 720x480 show: 17136,16339,16409,16603,16442,16271,16443,16860,16051,16507,16221,16252,16351,17139,16275,16726,16415,15991,16790,16228,16059,16390,17019,15982,16701,16447,15946,16539,16565,16771,15911,16940,16350,16406,16174,16568,16389,16391,16023,16758,16758,16427,15866,16563,16605,16281,17181,15767,16455,16186,16885,16342,16684,16302,16383,16336,16652,16223,16497,16871
VIEW-04 raw release redraw_same_image 720x480 raster: 16651,16911,16054,15820,16938,15634,16684,17045,15315,16228,15126,16584,17700,16468,15679,17046,15796,15630,17151,16072,15757,17117,15656,16789,16228,16592,15510,16279,16209,17481,16323,15465,17117,15468,15985,17260,16122,15651,16384,16675,16683,15758,16189,16960,15835,16580,16023,17180,14804,17372,16425,16129,16036,16638,15712,16640,15761,17594,15885,15587
VIEW-04 result: {"card":"VIEW-04","build_mode":"release","scenario":"planes_as_rgba_upload","width":720,"height":480,"samples":60,"texture_width":180,"texture_height":720,"texture_bytes":518400,"convert_median_ms":0.001,"convert_p90_ms":0.002,"buffer_median_ms":0.674,"buffer_p90_ms":0.741,"codec_median_ms":0.025,"codec_p90_ms":0.03,"image_median_ms":3.895,"image_p90_ms":4.316,"show_median_ms":11.873,"show_p90_ms":12.514,"total_median_ms":16.426,"total_p90_ms":16.833,"frame_timings_in_window":33,"raster_median_ms":6.846,"raster_p90_ms":8.009,"build_median_ms":3.426}
VIEW-04 raw release planes_as_rgba_upload 720x480 convert: 1,1,2,1,1,1,1,1,1,1,1,1,1,1,2,1,1,1,1,1,1,1,1,1,1,2,1,1,2,1,1,2,1,1,2,1,1,1,1,1,1,1,2,1,2,1,1,1,2,1,1,2,1,1,1,1,2,1,1,2
VIEW-04 raw release planes_as_rgba_upload 720x480 buffer: 694,664,627,628,668,631,649,763,626,772,700,686,684,731,787,662,648,659,632,657,626,670,646,617,631,712,724,688,743,715,637,728,647,636,715,672,660,669,674,680,658,680,741,737,722,494,474,642,742,669,659,739,634,708,732,695,735,748,735,730
VIEW-04 raw release planes_as_rgba_upload 720x480 codec: 23,21,23,26,44,28,23,28,24,29,29,23,25,23,26,23,23,23,21,22,21,24,24,22,23,28,23,22,26,26,22,33,22,25,28,25,25,24,31,27,33,27,32,26,31,19,17,23,30,26,29,28,24,26,23,24,28,24,25,25
VIEW-04 raw release planes_as_rgba_upload 720x480 image: 2863,3797,3656,3604,4271,3394,3895,3737,3648,4651,4199,4173,3313,3764,4240,3600,3226,3672,3469,3812,3971,3643,3517,3357,3854,4395,3490,3868,4036,3419,3728,4121,3849,3757,4178,3890,4236,4078,4316,4215,4128,3984,4409,4015,4117,3403,3343,3484,4812,3983,3971,4580,4124,3983,3490,3586,4607,3931,4143,4168
VIEW-04 raw release planes_as_rgba_upload 720x480 show: 12932,11903,11869,12496,11229,12483,11873,11659,13171,10480,11423,10999,12403,12143,11213,11869,12769,11898,12446,11736,12024,12020,12314,12514,12324,10813,12212,12168,11432,11966,12482,11296,12021,12100,11615,11989,10789,12436,11432,11604,11510,11654,11145,11529,10526,12333,13295,13008,10611,11887,11183,11376,11550,11421,12488,12949,10483,11666,11127,11578
VIEW-04 raw release planes_as_rgba_upload 720x480 total: 16513,16386,16177,16755,16213,16537,16441,16188,17470,15933,16352,15882,16426,16662,16268,16155,16667,16253,16569,16228,16643,16358,16502,16511,16833,15950,16450,16747,16239,16127,16870,16180,16540,16519,16538,16577,15711,17208,16454,16527,16330,16346,16329,16308,15398,16250,17130,17158,16197,16566,15843,16725,16333,16139,16734,17255,15855,16370,16031,16503
VIEW-04 raw release planes_as_rgba_upload 720x480 raster: 6846,6595,6831,6461,7069,7185,8171,7472,8009,7271,7211,6687,6869,8107,6795,6794,6824,6600,6774,7214,6559,7535,6892,6816,7955,6768,6744,8014,6383,6935,7847,6621,6758
VIEW-04 geometry 720x480 source: 720x480 i420 planes(rowStride/pixelStride/height/bytes) 720/1/480/345600/off0 360/1/240/86400/off0 360/1/240/86400/off0
VIEW-04 geometry 720x480 copy: 720x480 i420 planes(rowStride/pixelStride/height/bytes) 720/1/480/345600/off0 360/1/240/86400/off0 360/1/240/86400/off0
VIEW-04 geometry 720x480 oriented: 480x720 i420 planes(rowStride/pixelStride/height/bytes) 480/1/720/345600/off0 240/1/360/86400/off0 240/1/360/86400/off0
VIEW-04 result: {"card":"VIEW-04","build_mode":"release","scenario":"convert_control","width":720,"height":480,"samples":60,"copy_then_idle_median_ms":6.419,"copy_then_idle_p90_ms":6.869,"copy_then_spin_median_ms":6.454,"copy_then_spin_p90_ms":6.63,"copy_immediate_median_ms":8.442,"copy_immediate_p90_ms":11.388,"oriented_then_idle_median_ms":5.96,"oriented_then_idle_p90_ms":6.656,"oriented_immediate_median_ms":5.216,"oriented_immediate_p90_ms":6.321,"frame_timings_in_window":0,"raster_median_ms":0.0,"raster_p90_ms":0.0,"build_median_ms":0.0}
VIEW-04 raw release convert_control 720x480 copy_then_idle: 5399,6792,5291,6727,5755,6362,5494,6519,6704,6566,5633,6419,6089,6705,6632,6073,6297,5765,12168,6644,5841,6694,6236,6644,12287,5741,12135,6194,5726,5658,6643,5463,13267,6133,6869,6376,6691,6273,6740,5772,12850,5700,6743,6217,6803,6824,5908,6075,6875,6787,6689,5873,6793,5840,6053,6587,6752,6731,6358,5858
VIEW-04 raw release convert_control 720x480 copy_then_spin: 5986,5977,6575,4713,6470,6372,5740,6462,6454,6400,6364,6837,6424,6582,6154,6423,5389,6504,6359,6651,6537,6619,6612,6224,6457,6290,6534,5789,6124,5999,4580,6525,6851,6589,6474,6618,5282,7479,6660,6478,6719,6024,6093,6562,6630,6626,6041,6570,6482,6463,6539,6449,6476,5908,6445,5926,6084,6074,6163,6418
VIEW-04 raw release convert_control 720x480 copy_immediate: 11388,5640,10757,5753,10812,3427,9646,5279,5644,5979,5874,5626,10499,4829,10819,11580,6688,11913,9280,6664,10125,5345,4736,10561,9897,10452,9083,6610,11526,10665,6490,10486,9423,11067,6058,11745,8378,10201,6365,10785,7956,12318,2129,4865,5115,4872,10628,10789,5753,8442,5421,10192,6247,10606,14901,10628,5272,5762,5862,6353
VIEW-04 raw release convert_control 720x480 oriented_then_idle: 4412,5861,5934,5994,6495,3522,4790,6531,6584,6675,5942,5842,4556,6507,6711,6010,6640,5056,6736,5901,5430,6656,5821,5960,6032,6712,6608,6583,6441,6498,6451,6410,6960,5011,5544,4929,6835,5836,5420,5772,6472,5765,5783,6239,5477,5867,5775,5479,6591,5945,6308,6209,5454,5839,5837,5789,6542,6456,6176,5511
VIEW-04 raw release convert_control 720x480 oriented_immediate: 6012,4640,7872,5717,5830,5656,6669,5250,5319,6892,5881,4729,4667,5232,4966,6639,4706,4535,5507,4647,4606,5586,4648,5411,4596,4718,5581,5181,6201,5856,4722,4944,4729,4761,4744,4793,5216,6385,4570,4775,4665,5702,5626,5629,5598,5497,5584,4717,4695,6477,4460,5152,4636,4657,4493,6321,5736,5918,4613,4492
VIEW-04 raw release convert_control 720x480 raster: 
VIEW-04 result: {"card":"VIEW-04","build_mode":"release","scenario":"full_path_cpu_orientation","width":720,"height":480,"samples":60,"orientation":"cpu","import_median_ms":0.67,"import_p90_ms":0.893,"rotate_median_ms":6.743,"rotate_p90_ms":8.419,"flip_median_ms":3.052,"flip_p90_ms":3.834,"convert_median_ms":3.601,"convert_p90_ms":4.317,"texture_median_ms":7.77,"texture_p90_ms":9.371,"work_median_ms":21.912,"work_p90_ms":25.945,"show_median_ms":11.434,"show_p90_ms":15.89,"total_median_ms":32.881,"total_p90_ms":33.502,"frame_timings_in_window":60,"raster_median_ms":2.534,"raster_p90_ms":2.961,"build_median_ms":2.121}
VIEW-04 raw release full_path_cpu_orientation 720x480 import: 498,500,667,635,563,513,514,525,644,541,528,533,529,536,750,525,644,834,597,733,852,643,898,673,677,717,581,773,852,616,672,844,596,655,973,640,832,471,893,808,670,758,976,618,658,995,640,726,810,988,806,661,779,792,648,958,796,607,771,698
VIEW-04 raw release full_path_cpu_orientation 720x480 rotate: 4514,5057,6968,6332,5535,4039,4196,4267,6020,5507,4959,5164,4852,4304,5591,5167,6831,8282,5981,7339,8419,5940,8251,8329,6357,7305,6817,6821,8167,6700,7195,8166,5992,6423,8486,5940,8097,4182,6624,8506,7230,6356,8611,6566,6637,9229,6743,7272,9288,8534,8123,6521,6861,8128,6017,8211,8103,6250,8101,7768
VIEW-04 raw release full_path_cpu_orientation 720x480 flip: 2106,2799,2806,2921,2266,1846,1845,1953,2538,2432,2308,2119,2094,1977,2278,2353,2883,3801,3066,3325,3461,2626,3639,3866,2934,3052,3314,3215,3307,2990,3486,3746,3062,3038,3394,2553,3670,2324,2751,3848,3280,3073,3909,2790,2840,3834,2760,3123,4446,3870,3574,2938,2946,3890,3254,3340,3517,2551,3772,3637
VIEW-04 raw release full_path_cpu_orientation 720x480 convert: 2523,3074,3584,3274,2525,2127,2597,2609,2972,2671,2583,2696,2393,2273,3116,2504,3593,4317,3487,3717,4390,3355,4304,4219,3362,3802,3710,3514,4399,3842,4215,4329,3456,3333,4268,3408,3189,3297,4189,3876,3847,3140,3925,3601,3600,4609,4144,3610,4892,4276,4295,3692,3556,4299,4177,3703,4382,3122,3784,4028
VIEW-04 raw release full_path_cpu_orientation 720x480 texture: 11171,7430,6085,6909,7684,7725,8520,6964,9064,7168,6687,6968,6940,6974,7054,6465,6840,7632,7416,7475,8453,8385,9685,7943,9043,7162,7093,7640,9371,8315,6966,7828,10258,6634,9517,7800,8246,6289,7409,7464,9103,7336,7397,8133,8453,9069,6457,7893,11024,8277,8315,7830,7770,8426,7113,8074,11838,6378,7812,7874
VIEW-04 raw release full_path_cpu_orientation 720x480 work: 20812,18860,20110,20071,18573,16250,17672,16318,21238,18319,17065,17480,16808,16064,18789,17014,20791,24866,20547,22589,25575,20949,26777,25030,22373,22038,21515,21963,26096,22463,22534,24913,23364,20083,26638,20341,24034,16563,21866,24502,24130,20663,24818,21708,22188,27736,20744,22624,30460,25945,25113,21642,21912,25535,21209,24286,28636,18908,24240,24005
VIEW-04 raw release full_path_cpu_orientation 720x480 show: 11987,14642,12695,12482,14006,16693,15226,16732,11634,14488,15836,15403,15890,16795,14219,16303,12307,7441,12790,10229,6843,12700,5588,7828,10626,10329,11728,11229,6168,10615,10980,6941,9587,12798,6120,12957,7902,17126,11358,7909,8667,13216,6892,11423,11434,4259,12494,10120,19765,6289,7186,11637,11210,6737,12096,8340,3901,14522,8377,8635
VIEW-04 raw release full_path_cpu_orientation 720x480 total: 32799,33502,32805,32553,32579,32943,32898,33050,32872,32807,32901,32883,32698,32859,33008,33317,33098,32307,33337,32818,32418,33649,32365,32858,32999,32367,33243,33192,32264,33078,33514,31854,32951,32881,32758,33298,31936,33689,33224,32411,32797,33879,31710,33131,33622,31995,33238,32744,50225,32234,32299,33279,33122,32272,33305,32626,32537,33430,32617,32640
VIEW-04 raw release full_path_cpu_orientation 720x480 raster: 2218,2622,2518,2267,2065,2166,2141,2502,2363,2100,2129,2133,2078,2587,1997,2440,2896,2383,2746,2943,2312,2961,2774,2384,2737,2331,2534,2908,2472,2455,3008,2361,2318,3151,2453,2560,2004,2797,2918,2537,2633,3120,2507,2643,3164,2481,2732,2930,3150,2834,2416,2778,2859,2294,3037,2904,2262,2895,2721,2186
VIEW-04 result: {"card":"VIEW-04","build_mode":"release","scenario":"full_path_draw_orientation","width":720,"height":480,"samples":60,"orientation":"canvas","import_median_ms":1.046,"import_p90_ms":4.399,"rotate_median_ms":0.002,"rotate_p90_ms":0.003,"flip_median_ms":0.0,"flip_p90_ms":0.001,"convert_median_ms":5.565,"convert_p90_ms":9.299,"texture_median_ms":6.966,"texture_p90_ms":9.802,"work_median_ms":13.562,"work_p90_ms":22.046,"show_median_ms":12.113,"show_p90_ms":21.239,"total_median_ms":32.522,"total_p90_ms":33.837,"frame_timings_in_window":57,"raster_median_ms":3.379,"raster_p90_ms":3.999,"build_median_ms":3.458}
VIEW-04 raw release full_path_draw_orientation 720x480 import: 852,3669,909,4399,882,1942,858,4070,820,2499,1108,2233,1046,3343,895,3261,749,3833,985,3031,822,2059,1044,4678,894,5104,816,2105,814,3916,966,4234,809,4438,834,5582,878,1743,1061,4497,812,4713,818,725,3854,969,848,1823,438,568,557,664,604,1243,3292,1008,1003,3366,1174,770
VIEW-04 raw release full_path_draw_orientation 720x480 rotate: 3,3,2,3,1,3,2,3,1,1,3,3,2,3,1,3,2,3,2,3,1,2,2,3,1,2,2,3,2,3,1,5,2,3,2,2,1,2,2,4,1,2,2,1,2,1,1,2,1,1,1,1,0,2,2,3,2,2,2,2
VIEW-04 raw release full_path_draw_orientation 720x480 flip: 0,1,1,0,1,1,0,1,1,1,0,0,1,1,1,0,1,1,0,0,1,0,0,1,0,1,0,0,0,0,1,0,0,1,0,1,0,0,1,1,0,0,0,0,0,1,1,0,0,1,0,0,0,0,0,0,0,0,1,0
VIEW-04 raw release full_path_draw_orientation 720x480 convert: 4521,8516,5446,8920,4541,13012,5090,8112,4470,9611,6340,9589,5565,12527,4291,6261,5483,7127,5542,8855,4717,10638,5682,8863,4646,8607,4456,9299,4167,6390,5376,8308,4584,8042,4578,8858,4501,9110,5567,9559,4297,6315,3847,3288,3762,7061,3825,4842,2373,2724,2595,3093,3201,3568,3656,6266,4339,7486,6299,5670
VIEW-04 raw release full_path_draw_orientation 720x480 texture: 7195,9339,6552,7976,6286,9069,8479,9762,6706,9730,7384,9956,7303,9351,6800,11175,6859,10034,6737,9802,6579,9300,6834,8501,6868,8597,6743,8542,6773,7995,7520,12480,6368,9256,6966,8986,6856,7994,6816,9622,6256,6223,8839,6109,5841,8474,5204,6058,3963,4154,3853,4816,5229,5005,5691,10655,6683,5464,12106,6721
VIEW-04 raw release full_path_draw_orientation 720x480 work: 12571,21528,12910,21298,11711,24027,14429,21948,11998,21842,14835,21781,13917,25225,11988,20700,13094,20998,13266,21691,12120,21999,13562,22046,12409,22311,12017,19949,11756,18304,13864,25027,11763,21740,12380,23429,12236,18849,13447,23683,11366,17253,13506,10123,13459,16506,9879,12725,6775,7448,7006,8574,9034,9818,12641,17932,12027,16318,19582,13163
VIEW-04 raw release full_path_draw_orientation 720x480 show: 21470,10185,21034,10492,21381,8981,18367,10574,21789,10902,18094,10949,18961,6911,4956,11506,20117,12378,19469,10729,21717,9938,19965,9922,20881,10018,21760,11951,5835,14138,18961,7304,21772,10601,21182,8490,20915,14523,19376,8351,5728,14863,19048,6302,20715,17407,3114,4361,9244,9063,9354,9265,7776,5252,21239,14267,4957,17056,12113,20948
VIEW-04 raw release full_path_draw_orientation 720x480 total: 34041,31713,33944,31790,33092,33008,32796,32522,33787,32744,32929,32730,32878,32136,16944,32206,33211,33376,32735,32420,33837,31937,33527,31968,33290,32329,33777,31900,17591,32442,32825,32331,33535,32341,33562,31919,33151,33372,32823,32034,17094,32116,32554,16425,34174,33913,12993,17086,16019,16511,16360,17839,16810,15070,33880,32199,16984,33374,31695,34111
VIEW-04 raw release full_path_draw_orientation 720x480 raster: 4206,3175,3966,3324,3469,3403,3891,3260,4211,3771,4035,3696,3875,3218,3136,3358,3549,3508,3883,3379,3836,3630,3999,3284,4099,3171,3730,3113,3520,3510,3554,3142,3906,3287,4081,3171,3185,3707,4076,3102,3230,3188,2771,2868,3491,2942,1990,1845,2165,2174,2450,2448,2863,2618,3459,3158,3380
VIEW-04 geometry 720x480 source: 720x480 i420 planes(rowStride/pixelStride/height/bytes) 720/1/480/345600/off0 360/1/240/86400/off0 360/1/240/86400/off0
VIEW-04 geometry 720x480 copy: 720x480 i420 planes(rowStride/pixelStride/height/bytes) 720/1/480/345600/off0 360/1/240/86400/off0 360/1/240/86400/off0
VIEW-04 geometry 720x480 oriented: 480x720 i420 planes(rowStride/pixelStride/height/bytes) 480/1/720/345600/off0 240/1/360/86400/off0 240/1/360/86400/off0
VIEW-04 result: {"card":"VIEW-04","build_mode":"release","scenario":"convert_control","width":720,"height":480,"samples":60,"copy_then_idle_median_ms":6.344,"copy_then_idle_p90_ms":6.863,"copy_then_spin_median_ms":6.42,"copy_then_spin_p90_ms":6.636,"copy_immediate_median_ms":8.336,"copy_immediate_p90_ms":11.563,"oriented_then_idle_median_ms":5.867,"oriented_then_idle_p90_ms":6.668,"oriented_immediate_median_ms":5.182,"oriented_immediate_p90_ms":6.132,"frame_timings_in_window":0,"raster_median_ms":0.0,"raster_p90_ms":0.0,"build_median_ms":0.0}
VIEW-04 raw release convert_control 720x480 copy_then_idle: 6650,6080,7003,6425,6917,7005,6010,5373,6035,5741,6024,5706,11680,5393,5921,6787,6863,5738,12268,4189,12147,6806,6103,6730,6692,6344,5870,5602,6619,6781,6147,6407,5666,6682,5729,6064,5605,5666,6734,6117,6850,6019,5646,6789,6662,6650,6153,5570,6780,6849,6721,5776,5676,5561,5266,6725,6816,5593,6730,6769
VIEW-04 raw release convert_control 720x480 copy_then_spin: 6395,6284,6687,6649,6783,5955,6705,6008,6513,6524,6490,6572,6569,5808,6416,6117,5778,6510,6507,4654,6555,5403,6494,6472,6014,6098,6148,6412,6420,5352,6438,6536,6044,6367,6426,6471,6004,6868,6634,2132,6407,6531,6448,6060,6636,6204,6173,6203,6597,5987,6663,6519,6609,6092,5801,5464,6574,6407,6368,6557
VIEW-04 raw release convert_control 720x480 copy_immediate: 4757,12876,5042,13549,5588,6780,11445,8253,6619,10238,12427,10082,10107,6164,10360,6163,6651,10821,11085,11982,8078,5489,10587,5438,6728,5855,6166,10982,10108,6597,10832,5304,11133,6712,10782,10391,8336,12107,5838,4058,11148,5979,11298,5484,6306,11563,10353,11291,6658,11184,6007,11253,9706,6477,11830,6709,5226,5286,11417,5872
VIEW-04 raw release convert_control 720x480 oriented_then_idle: 4685,6562,6214,4640,5068,6829,5844,6668,5726,6108,5786,5721,6614,5723,5877,6587,6579,5510,6685,5385,6706,5574,5817,6544,6547,6147,6211,5835,6670,4935,5473,6568,5981,6766,5416,6221,5741,5867,4937,4961,5439,5896,5651,4824,6141,4596,5843,4739,5383,6530,5359,6678,6647,6604,6495,6617,5830,6640,4944,4812
VIEW-04 raw release convert_control 720x480 oriented_immediate: 4482,6215,5432,4680,5656,5812,4703,5693,5267,5052,4679,4541,6147,4479,5636,5223,5398,4183,4572,4522,6137,4379,6132,5498,5885,5947,4609,4750,6170,4673,4743,5408,6111,4583,4485,5738,4983,4588,5476,4497,4474,5396,5758,5185,4675,4729,4710,4606,4480,6069,4305,6481,5332,5684,6383,5531,4390,5182,4803,4391
VIEW-04 raw release convert_control 720x480 raster: 
VIEW-04 result: {"card":"VIEW-04","build_mode":"release","scenario":"full_path_cpu_orientation","width":720,"height":480,"samples":60,"orientation":"cpu","import_median_ms":0.734,"import_p90_ms":0.996,"rotate_median_ms":7.174,"rotate_p90_ms":9.754,"flip_median_ms":3.232,"flip_p90_ms":4.5,"convert_median_ms":3.745,"convert_p90_ms":4.775,"texture_median_ms":9.483,"texture_p90_ms":11.039,"work_median_ms":24.44,"work_p90_ms":31.75,"show_median_ms":11.846,"show_p90_ms":19.991,"total_median_ms":33.346,"total_p90_ms":49.538,"frame_timings_in_window":60,"raster_median_ms":2.829,"raster_p90_ms":3.512,"build_median_ms":2.948}
VIEW-04 raw release full_path_cpu_orientation 720x480 import: 654,793,1014,1207,755,766,548,728,843,617,774,617,470,810,616,682,760,567,590,914,605,662,821,577,639,717,670,745,825,681,750,569,666,923,798,1017,1004,1116,868,974,996,945,1033,759,879,740,582,719,655,607,615,547,974,641,738,597,612,734,590,613
VIEW-04 raw release full_path_cpu_orientation 720x480 rotate: 6072,8280,9392,11685,7411,7525,5716,6269,8223,5950,6746,6848,4202,8229,7077,5927,7499,6654,5404,8447,6033,6211,8196,5928,6373,6817,5874,7077,7615,5935,7267,6659,5619,8518,8473,11606,8373,11613,8529,9655,9602,10347,9754,10828,9346,8005,5938,8014,6522,6226,5642,5304,11168,7174,7473,6559,6003,8050,6402,5802
VIEW-04 raw release full_path_cpu_orientation 720x480 flip: 2528,3635,4500,5008,3055,3301,2759,2646,3332,2813,2966,3232,1871,3422,3341,2687,2971,3080,2550,3826,2398,2637,3587,2817,2914,3056,2498,2838,3474,2627,3537,2984,2681,3819,4064,4674,3587,5801,3891,4167,3779,4752,3691,4823,3722,3568,2774,3521,2735,2926,2369,2722,4920,3324,3507,3186,2823,3849,3080,2737
VIEW-04 raw release full_path_cpu_orientation 720x480 convert: 3189,4290,4855,4653,3897,3855,3145,3268,4276,3194,3950,3569,2168,3658,3609,3059,3812,4078,2928,3802,3149,3299,4260,3109,3892,3405,3343,3553,3824,3058,3764,3504,3072,3769,4775,3728,4293,3935,4885,4858,4259,5248,4050,6144,3830,4979,3104,4223,3491,3325,3023,3447,3745,4237,3711,3588,3319,3836,3457,3062
VIEW-04 raw release full_path_cpu_orientation 720x480 texture: 9642,10827,13003,11792,10048,9626,8077,9110,10003,8115,8902,7338,7298,10881,10606,8509,9263,9535,8847,9672,8486,9297,8976,8984,9584,8970,8917,8694,11449,9872,9483,10724,9023,10370,10975,9043,10877,12721,11676,9944,11039,10533,9700,10924,9804,10925,7427,8617,8656,9067,8789,20219,10943,9145,7607,8233,7748,7882,8268,8840
VIEW-04 raw release full_path_cpu_orientation 720x480 work: 22085,27825,32764,34345,25166,25073,20245,22021,26677,20689,23338,21604,16009,27000,25249,20864,24305,23914,20319,26661,20671,22106,25840,21415,23402,22965,21302,22907,27187,22173,24801,24440,21061,27399,29085,30068,28134,35186,29849,29598,29675,31825,28228,33478,27581,28217,19825,25094,22059,22151,20438,32239,31750,24521,23036,22163,20505,24351,21797,21054
VIEW-04 raw release full_path_cpu_orientation 720x480 show: 11385,22377,16645,14117,7503,7018,13101,11431,5413,12529,9100,10731,18453,5125,7452,12675,7806,8953,13925,5009,12257,11443,6084,11846,9402,9800,11897,9708,5529,11298,7505,8322,13035,21952,19991,19470,20915,14463,19091,20570,18686,18390,20294,16755,20768,3682,15155,7297,9359,10687,12274,19198,15985,9893,7897,10696,14631,6980,11630,11976
VIEW-04 raw release full_path_cpu_orientation 720x480 total: 33470,50202,49409,48462,32669,32091,33346,33452,32090,33218,32438,32335,34462,32125,32701,33539,32111,32867,34244,31670,32928,33549,31924,33261,32804,32765,33199,32615,32716,33471,32306,32762,34096,49351,49076,49538,49049,49649,48940,50168,48361,50215,48522,50233,48349,31899,34980,32391,31418,32838,32712,51437,47735,34414,30933,32859,35136,31331,33427,33030
VIEW-04 raw release full_path_cpu_orientation 720x480 raster: 3098,3290,3812,3083,2999,2452,2822,3096,2736,2936,2605,2135,3039,2780,2715,2946,2630,2492,3352,2579,2725,3095,2545,2829,2847,2633,2859,3017,2712,2960,2646,2714,3345,3143,3794,3269,3933,3256,3569,3542,3512,3573,3200,3370,2860,2254,2818,2563,2277,2500,2319,3226,2668,2770,2500,2523,2729,2431,2437,2367
VIEW-04 result: {"card":"VIEW-04","build_mode":"release","scenario":"full_path_draw_orientation","width":720,"height":480,"samples":60,"orientation":"canvas","import_median_ms":1.814,"import_p90_ms":3.989,"rotate_median_ms":0.002,"rotate_p90_ms":0.004,"flip_median_ms":0.0,"flip_p90_ms":0.001,"convert_median_ms":6.32,"convert_p90_ms":9.582,"texture_median_ms":7.633,"texture_p90_ms":10.546,"work_median_ms":15.115,"work_p90_ms":22.955,"show_median_ms":18.014,"show_p90_ms":22.296,"total_median_ms":32.936,"total_p90_ms":34.274,"frame_timings_in_window":60,"raster_median_ms":3.805,"raster_p90_ms":4.181,"build_median_ms":4.444}
VIEW-04 raw release full_path_draw_orientation 720x480 import: 2257,875,4571,793,3149,865,2213,889,4241,915,3748,1033,2591,915,4025,824,4466,825,1125,3694,830,3538,867,1814,945,3814,889,3802,903,2051,967,4501,920,3989,894,2052,1032,2690,779,1957,829,3632,937,3537,943,2121,942,2861,905,3563,1082,4142,971,3959,832,2121,1016,3713,1010,3352
VIEW-04 raw release full_path_draw_orientation 720x480 rotate: 2,2,4,1,2,2,6,2,4,1,3,2,2,1,3,1,2,3,2,4,1,3,2,2,2,3,1,3,2,4,2,3,1,3,1,3,2,4,2,2,1,5,2,2,2,3,2,3,2,2,2,3,2,3,2,2,2,2,2,3
VIEW-04 raw release full_path_draw_orientation 720x480 flip: 1,0,0,0,1,0,1,0,0,0,0,1,0,1,1,1,0,0,0,0,0,1,1,1,1,1,1,0,1,0,0,1,0,0,1,1,1,0,0,1,0,0,0,0,0,1,0,1,0,0,1,0,1,1,0,1,0,1,1,0
VIEW-04 raw release full_path_draw_orientation 720x480 convert: 9943,4304,9212,4281,6535,5108,10263,4551,8020,5241,7975,6593,4818,3793,9448,4417,6320,5127,5273,10375,4866,8149,5133,9394,5402,8326,4722,8385,5460,9107,5480,9425,4464,7841,5452,9490,6242,11123,4436,9730,4650,8345,5502,9831,5193,9582,5076,9546,5108,7926,6249,7560,5494,9408,4366,7597,5923,7549,5909,8159
VIEW-04 raw release full_path_draw_orientation 720x480 texture: 9630,6591,8169,6087,12631,6504,10472,5878,8770,6634,15092,7170,5331,6448,8485,6166,6134,9160,7383,7391,6308,11873,6210,9922,8331,10801,6943,9008,6530,9583,7633,8616,6220,9189,6541,9817,6886,10546,6700,10311,6367,9155,6647,10023,6519,11369,6570,8969,6572,10044,6870,9947,7075,10264,6358,7676,7632,9920,6891,10772
VIEW-04 raw release full_path_draw_orientation 720x480 work: 21833,11772,21956,11162,22318,12479,22955,11320,21035,12791,26818,14799,12742,11158,21962,11409,16922,15115,13783,21464,12005,23564,12213,21133,14681,22945,12556,21198,12896,20745,14082,22546,11605,21022,12889,21363,14163,24363,11917,22001,11847,21137,13088,23393,12657,23076,12590,21380,12587,21535,14204,21652,13543,23635,11558,17397,14573,21185,13813,22286
VIEW-04 raw release full_path_draw_orientation 720x480 show: 10136,22690,9462,22097,10534,20757,9353,22967,10413,21162,22296,16082,20822,22272,10572,21794,15231,18627,20071,9865,22311,8452,20376,12183,17821,9650,21818,10420,20745,11819,18220,10416,22669,10388,21356,11172,18016,7900,22312,9617,22462,10656,20220,9151,20070,9839,21391,10179,21116,11678,18014,11284,19815,8143,21387,15596,18683,12010,18783,9858
VIEW-04 raw release full_path_draw_orientation 720x480 total: 31969,34462,31418,33259,32852,33236,32308,34287,31448,33953,49114,30881,33564,33430,32534,33203,32153,33742,33854,31329,34316,32016,32589,33316,32502,32595,34374,31618,33641,32564,32302,32962,34274,31410,34245,32535,32179,32263,34229,31618,34309,31793,33308,32544,32727,32915,33981,31559,33703,33213,32218,32936,33358,31778,32945,32993,33256,33195,32596,32144
VIEW-04 raw release full_path_draw_orientation 720x480 raster: 3273,4181,3298,3639,3566,4210,3518,4136,3576,4127,4070,2975,3313,3670,3328,3867,3354,3904,4491,3498,4016,3542,4033,3637,4265,3486,4133,3620,3984,3805,4220,3371,4173,3615,4154,3944,3713,3166,3876,3415,4490,3549,3727,3658,4095,3593,4419,3416,4140,4005,3897,3744,4086,3127,3819,3900,3441,3944,4008,2995
VIEW-04 result: {"card":"VIEW-04","build_mode":"release","scenario":"bgra_path","width":1920,"height":1080,"samples":60,"texture_width":1920,"texture_height":1080,"texture_bytes":8294400,"convert_median_ms":35.305,"convert_p90_ms":37.574,"buffer_median_ms":7.088,"buffer_p90_ms":7.82,"codec_median_ms":0.023,"codec_p90_ms":0.024,"image_median_ms":33.675,"image_p90_ms":35.478,"show_median_ms":21.566,"show_p90_ms":24.575,"total_median_ms":98.498,"total_p90_ms":99.604,"frame_timings_in_window":55,"raster_median_ms":4.056,"raster_p90_ms":4.327,"build_median_ms":5.636}
VIEW-04 raw release bgra_path 1920x1080 convert: 36557,35832,37400,34442,38117,34938,36988,36264,35569,33817,34211,35084,34709,35032,35405,36218,36896,37588,34631,37981,34201,37357,36546,35726,33792,34400,35117,34166,34366,35705,36261,18413,34622,34196,35198,35908,35485,37574,38040,36921,36806,35963,34943,35225,33304,34379,34858,34939,35185,35305,36298,37261,34193,37935,30955,33897,37947,29996,32175,36771
VIEW-04 raw release bgra_path 1920x1080 buffer: 7122,6835,7820,7600,7979,7037,7266,7619,7538,6091,6323,6319,6706,6496,6343,7023,7323,7310,7439,8123,7405,8274,7821,7336,6325,6978,6281,6236,6245,6739,7292,5669,6630,6704,6884,6892,7633,7589,7135,7260,8041,7559,6801,7262,7184,7025,7246,6751,6860,7088,7362,7150,6874,8019,6482,6714,7591,6612,6886,7038
VIEW-04 raw release bgra_path 1920x1080 codec: 23,21,23,23,24,24,24,24,24,22,49,21,22,23,20,20,21,24,22,22,23,27,25,24,22,21,22,22,20,22,24,20,23,23,21,20,22,25,23,22,26,23,21,24,23,23,23,22,23,23,22,22,21,25,21,23,21,24,22,22
VIEW-04 raw release bgra_path 1920x1080 image: 33447,33336,33900,33675,33610,33070,31583,32333,35382,33496,35734,33865,33561,33858,33912,32729,33196,33561,33971,32992,33813,35011,33493,36071,33997,35835,33497,35789,33172,35555,32578,26807,33117,32765,32886,31445,34231,34720,33011,38110,33680,34411,33628,35478,33899,33565,33322,33711,33428,34261,34134,33373,33855,33454,33201,34264,32154,33919,34040,33924
VIEW-04 raw release bgra_path 1920x1080 show: 20721,21566,19431,24509,18462,23997,22311,22957,19832,25544,22055,23582,23674,23213,22948,22203,20713,19536,23812,18086,24871,17719,21066,19311,24680,21364,22896,22977,24575,21136,20839,16504,23501,25916,23759,22425,21501,19364,19938,17648,19453,20589,24205,20431,24480,23630,22786,23588,21355,22244,20656,20692,25298,17535,11541,25322,18758,12057,10211,20121
VIEW-04 raw release bgra_path 1920x1080 total: 97870,97590,98574,100249,98192,99066,98172,99197,98345,98970,98372,98871,98672,98622,98628,98193,98149,98019,99875,97204,100313,98388,98951,98468,98816,98598,97813,99190,98378,99157,96994,67413,97893,99604,98748,96690,98872,99272,98147,99961,98006,98545,99598,98420,98890,98622,98235,99011,96851,98921,98472,98498,100241,96968,82200,100220,96471,82608,83334,97876
VIEW-04 raw release bgra_path 1920x1080 raster: 4179,4086,3612,4352,3909,3871,4078,4071,4269,4327,4327,4240,3928,3890,4133,4105,4294,4200,3774,3407,3924,4230,4095,3630,3803,3908,4011,3889,3861,3853,3283,4056,3920,4119,4135,4319,4065,4156,4286,4340,3910,3929,3843,3839,4160,3988,4288,4388,3778,3899,4123,3668,4605,3719,3255
VIEW-04 result: {"card":"VIEW-04","build_mode":"release","scenario":"redraw_same_image","width":1920,"height":1080,"samples":60,"show_median_ms":16.395,"show_p90_ms":17.183,"frame_timings_in_window":54,"raster_median_ms":4.108,"raster_p90_ms":4.92,"build_median_ms":6.626}
VIEW-04 raw release redraw_same_image 1920x1080 show: 16288,15874,16758,15962,16395,17183,16465,16144,16700,15106,17415,16347,16224,16581,16095,16267,16777,16614,16302,16204,16580,16585,16660,16150,16599,16533,15711,16074,17451,16258,16901,16302,15739,17194,16851,16391,16225,16039,16484,17551,15629,16556,16188,15274,17907,16893,15471,16981,15903,15940,17420,16289,15729,16553,16408,17154,16296,16070,16670,16588
VIEW-04 raw release redraw_same_image 1920x1080 raster: 4459,4594,3778,4031,3762,4130,4920,3839,4034,4941,4194,3892,3908,3928,4145,3769,3723,4026,3877,3775,4123,3688,3950,4285,3922,4819,4174,4108,3946,4284,3787,5291,4128,3667,5117,4551,3969,5555,3599,4376,4745,3724,4167,4835,4062,4510,4117,3884,5272,3668,3938,4215,4114,3701
VIEW-04 result: {"card":"VIEW-04","build_mode":"release","scenario":"planes_as_rgba_upload","width":1920,"height":1080,"samples":60,"texture_width":480,"texture_height":1620,"texture_bytes":3110400,"convert_median_ms":0.001,"convert_p90_ms":0.001,"buffer_median_ms":3.217,"buffer_p90_ms":3.361,"codec_median_ms":0.031,"codec_p90_ms":0.037,"image_median_ms":15.833,"image_p90_ms":18.2,"show_median_ms":14.101,"show_p90_ms":15.379,"total_median_ms":32.864,"total_p90_ms":33.403,"frame_timings_in_window":57,"raster_median_ms":4.643,"raster_p90_ms":4.823,"build_median_ms":6.616}
VIEW-04 raw release planes_as_rgba_upload 1920x1080 convert: 1,1,1,1,1,1,1,1,1,1,1,1,1,1,1,1,1,1,1,1,1,1,0,0,1,1,1,1,1,1,1,1,1,1,1,1,1,1,1,1,1,0,1,1,1,1,1,1,1,1,1,1,1,1,1,1,1,1,1,1
VIEW-04 raw release planes_as_rgba_upload 1920x1080 buffer: 3345,3419,3359,3098,3352,3322,3163,3375,3327,2881,2905,3357,3022,3283,3383,3361,3250,3374,3400,3335,3313,3478,2466,3001,3172,3217,3066,3230,3152,3120,3258,3172,3196,3238,3199,3161,3271,3209,3176,3198,3217,3217,3003,3280,3209,2931,3127,3250,3170,3191,3213,3241,3199,3182,3280,3332,3185,3265,3278,3161
VIEW-04 raw release planes_as_rgba_upload 1920x1080 codec: 28,29,31,35,33,32,41,37,29,31,33,41,32,35,31,31,32,30,40,30,37,30,22,22,26,23,20,32,27,27,42,37,33,30,36,30,28,28,25,29,31,30,32,36,28,25,36,26,25,28,38,34,29,31,30,41,32,27,29,27
VIEW-04 raw release planes_as_rgba_upload 1920x1080 image: 18815,19257,15925,15598,15323,16097,15865,17479,16183,14915,16249,15833,15759,16816,15509,15666,16323,15614,15558,16950,18200,20314,16234,15545,16443,18598,20039,17922,15691,15392,15915,14287,18103,14706,14850,15268,14702,14063,15228,17240,14718,14834,14848,18005,14481,14521,15988,16417,15700,15548,15369,17172,16315,14655,23030,15639,16530,17501,15230,15442
VIEW-04 raw release planes_as_rgba_upload 1920x1080 show: 26331,9825,12818,14105,14684,13181,13780,12279,12384,15163,14402,13427,14368,11982,14064,14447,12922,13912,14101,11893,11031,7853,15206,14835,12729,10728,26699,11463,14163,14102,13707,15712,11578,14418,15086,14275,14746,15899,14477,12168,15141,14465,15379,11125,15008,15879,13386,13513,13878,13882,14191,12669,13012,15301,23914,12884,13280,11702,14326,14622
VIEW-04 raw release planes_as_rgba_upload 1920x1080 total: 48520,32531,32134,32837,33393,32633,32850,33171,31924,32991,33590,32659,33182,32117,32988,33506,32528,32931,33100,32209,32582,31676,33928,33403,32371,32567,49825,32648,33034,32642,32923,33209,32911,32393,33172,32735,32748,33200,32907,32636,33108,32546,33263,32447,32727,33357,32538,33207,32774,32650,32812,33117,32556,33170,50255,31897,33028,32496,32864,33253
VIEW-04 raw release planes_as_rgba_upload 1920x1080 raster: 4587,4820,4752,4373,4847,4801,4371,4889,4634,4060,4906,4682,4292,4822,4823,4762,4784,4797,4755,4819,4755,3951,4673,4893,4705,4724,4563,4166,4536,4640,4377,4626,4675,4294,4597,4568,4337,4643,4727,4205,4586,4532,4127,4686,4506,4698,4651,4608,4549,4633,4566,4681,4571,8064,4441,4653,5711
VIEW-04 geometry 1920x1080 source: 1920x1080 i420 planes(rowStride/pixelStride/height/bytes) 1920/1/1080/2073600/off0 960/1/540/518400/off0 960/1/540/518400/off0
VIEW-04 geometry 1920x1080 copy: 1920x1080 i420 planes(rowStride/pixelStride/height/bytes) 1920/1/1080/2073600/off0 960/1/540/518400/off0 960/1/540/518400/off0
VIEW-04 geometry 1920x1080 oriented: 1080x1920 i420 planes(rowStride/pixelStride/height/bytes) 1080/1/1920/2073600/off0 540/1/960/518400/off0 540/1/960/518400/off0
VIEW-04 result: {"card":"VIEW-04","build_mode":"release","scenario":"convert_control","width":1920,"height":1080,"samples":60,"copy_then_idle_median_ms":34.862,"copy_then_idle_p90_ms":36.814,"copy_then_spin_median_ms":27.57,"copy_then_spin_p90_ms":28.414,"copy_immediate_median_ms":30.753,"copy_immediate_p90_ms":32.495,"oriented_then_idle_median_ms":31.257,"oriented_then_idle_p90_ms":36.917,"oriented_immediate_median_ms":17.399,"oriented_immediate_p90_ms":19.403,"frame_timings_in_window":0,"raster_median_ms":0.0,"raster_p90_ms":0.0,"build_median_ms":0.0}
VIEW-04 raw release convert_control 1920x1080 copy_then_idle: 29064,36814,31545,37593,33578,35717,30133,36017,37538,34862,34683,37274,34396,35080,36531,37335,34057,35466,35171,36730,31884,34161,33697,33740,34928,36050,36182,36003,35369,30926,31686,35797,34011,27506,33694,37089,36172,34981,32198,30537,34429,29781,34742,32922,36031,35756,31178,36094,34960,27854,34056,36014,30849,34624,37158,29146,35340,22155,35182,29809
VIEW-04 raw release convert_control 1920x1080 copy_then_spin: 26352,28296,26894,27939,27930,27713,28150,28389,27905,28551,25269,28148,16699,28447,26332,28065,28382,27261,26272,26839,28319,26608,25920,25650,27314,26618,27831,28647,27681,26434,28012,16793,25321,24560,26335,28226,26924,27707,28414,25986,29354,27748,28238,26378,16463,28360,28186,29185,25368,25797,28500,27891,27425,26099,27494,27570,25924,27088,28346,24973
VIEW-04 raw release convert_control 1920x1080 copy_immediate: 29759,32379,30550,31418,32895,29800,30664,29584,29606,31102,29753,30753,26843,31805,31378,29500,33778,28007,31241,31984,30647,29892,30918,30263,27944,31425,32432,31444,32839,32131,29948,23260,29765,32634,29184,33294,30947,30929,28848,25940,32484,29293,29779,29498,33152,32495,29894,31288,29170,30494,29632,31960,30113,30863,29744,32212,32120,30321,31348,31636
VIEW-04 raw release convert_control 1920x1080 oriented_then_idle: 24413,26276,37585,24502,37479,31632,25611,34847,36229,36905,24339,22111,35491,20793,35401,34227,23772,32269,32332,29585,37090,23341,32279,21662,24552,32709,23381,26661,23923,33392,32113,37162,33836,32741,24094,36917,35020,18324,35002,31895,31257,27840,37196,21852,22086,28793,32335,23085,36999,34209,28658,22928,30569,33233,29387,24389,23453,29372,34226,25842
VIEW-04 raw release convert_control 1920x1080 oriented_immediate: 17502,16764,16405,18137,19403,16609,17399,16420,17135,17523,16031,17402,15993,17476,16363,16474,21569,17646,17195,16624,16468,17089,17400,16508,21407,17170,17125,17638,17117,17545,17535,19451,21311,17195,17320,16280,17094,16764,16782,17759,18236,17673,18471,17920,17454,20711,17168,17455,17172,16526,17018,17119,17750,20910,16848,18421,17319,17434,18318,18567
VIEW-04 raw release convert_control 1920x1080 raster: 
VIEW-04 result: {"card":"VIEW-04","build_mode":"release","scenario":"full_path_cpu_orientation","width":1920,"height":1080,"samples":60,"orientation":"cpu","import_median_ms":8.797,"import_p90_ms":9.871,"rotate_median_ms":43.934,"rotate_p90_ms":47.696,"flip_median_ms":12.758,"flip_p90_ms":13.371,"convert_median_ms":17.51,"convert_p90_ms":18.059,"texture_median_ms":40.272,"texture_p90_ms":42.257,"work_median_ms":124.343,"work_p90_ms":129.074,"show_median_ms":20.949,"show_p90_ms":25.547,"total_median_ms":147.569,"total_p90_ms":148.505,"frame_timings_in_window":56,"raster_median_ms":4.524,"raster_p90_ms":4.838,"build_median_ms":7.136}
VIEW-04 raw release full_path_cpu_orientation 1920x1080 import: 8356,9240,8789,10227,9293,8689,8730,8498,9100,8867,8938,9871,6155,9391,7108,8631,9270,8896,9193,8720,5638,8273,8741,6096,8797,8619,8871,8034,11040,8867,8651,10037,7364,9130,10366,9872,9837,10351,9251,8505,9085,9560,8516,8247,8673,8642,9135,8753,9216,9301,7820,6664,9764,8781,7025,9236,5462,7907,6341,9398
VIEW-04 raw release full_path_cpu_orientation 1920x1080 rotate: 46607,45217,43242,47466,41411,43688,42765,47696,46217,43096,48832,42254,37292,43144,50035,44631,45719,46644,43472,47367,29784,46806,42186,39094,42990,47646,41708,44307,43269,47039,46450,40490,42817,41380,45727,42181,48231,44037,46027,45443,43934,47426,37713,40307,44347,48126,44514,42950,47610,41402,40584,35584,46313,42829,49895,58075,32671,43203,35890,42216
VIEW-04 raw release full_path_cpu_orientation 1920x1080 flip: 13051,12070,13591,12999,12039,12559,14623,12998,13411,12712,13174,12357,11747,12799,13150,13241,13005,12780,13251,12990,11225,12675,11918,11952,12026,12758,12462,13377,12112,13312,13050,12242,12925,13011,12564,12688,12760,12763,13285,12329,12887,12989,11124,12548,12740,13292,11883,12734,12952,12677,12137,11710,12681,15424,13371,15270,10757,12432,12247,12170
VIEW-04 raw release full_path_cpu_orientation 1920x1080 convert: 17422,17519,17248,17863,17142,16972,18020,17273,17825,17166,18034,17214,17218,17300,18178,17695,16996,17931,17190,17740,16698,17893,17138,17236,17419,17714,17269,17510,17659,17739,17842,17293,16665,18274,17887,17521,18218,17633,17245,17643,17199,17946,16716,17211,17645,17634,17468,17233,18059,17355,16737,16460,17947,18239,18193,25043,16713,17718,16995,17368
VIEW-04 raw release full_path_cpu_orientation 1920x1080 texture: 41612,40275,40227,40075,37587,40548,40789,40177,38768,40617,41565,39576,39944,43035,41880,39952,40048,40135,40983,42257,39199,45243,39656,41171,42407,41328,39846,39911,41375,40101,39639,40962,41912,42548,39961,39586,42034,40378,40438,37794,42408,40074,39944,42482,41361,40001,40272,41170,40033,36721,40135,38899,41596,40609,40735,38951,40392,39249,38827,39873
VIEW-04 raw release full_path_cpu_orientation 1920x1080 work: 127048,124321,123097,128630,117472,122456,124927,126642,125321,122458,130543,121272,112356,125669,130351,124150,125038,126386,124089,129074,102544,130890,119639,115549,123639,128065,120156,123139,125455,127058,125632,121024,121683,124343,126505,121848,131080,125162,126246,121714,125513,127995,114013,120795,124766,127695,123272,122840,127870,117456,117413,109317,128301,125882,129219,146575,105995,120509,110300,121025
VIEW-04 raw release full_path_cpu_orientation 1920x1080 show: 20949,22366,26115,17806,15121,25775,22901,21482,22454,25185,15120,9516,22602,21893,17660,23649,23221,21650,23684,17845,12958,17380,8774,18382,23837,19184,12440,25547,22517,20673,20832,9339,12526,24016,20676,27101,16491,22449,22031,26421,22110,16849,17866,13262,23260,19798,24277,26031,18328,15052,11192,24861,20204,22000,19504,13936,10482,9961,24539,26544
VIEW-04 raw release full_path_cpu_orientation 1920x1080 total: 147997,146687,149212,146436,132593,148231,147828,148124,147775,147643,145663,130788,134958,147562,148011,147799,148259,148036,147773,146919,115502,148270,128413,133931,147476,147249,132596,148686,147972,147731,146464,130363,134209,148359,147181,148949,147571,147611,148277,148135,147623,144844,131879,134057,148026,147493,147549,148871,146198,132508,128605,134178,148505,147882,148723,160511,116477,130470,134839,147569
VIEW-04 raw release full_path_cpu_orientation 1920x1080 raster: 4795,4506,4806,4793,4192,4524,4417,4841,4607,4491,4756,3348,4815,4569,4558,4533,4574,4561,4540,3441,4189,4424,3341,4681,4178,4488,4312,6679,4380,4495,4892,3471,4442,5808,4471,4435,4838,4537,4383,4556,4902,4169,4060,4384,4566,4752,4400,4748,4831,3851,3424,4501,4528,4576,4518,3168
VIEW-04 result: {"card":"VIEW-04","build_mode":"release","scenario":"full_path_draw_orientation","width":1920,"height":1080,"samples":60,"orientation":"canvas","import_median_ms":8.776,"import_p90_ms":9.667,"rotate_median_ms":0.003,"rotate_p90_ms":0.004,"flip_median_ms":0.001,"flip_p90_ms":0.001,"convert_median_ms":32.84,"convert_p90_ms":34.733,"texture_median_ms":39.367,"texture_p90_ms":41.076,"work_median_ms":81.306,"work_p90_ms":83.538,"show_median_ms":17.478,"show_p90_ms":22.163,"total_median_ms":98.549,"total_p90_ms":100.812,"frame_timings_in_window":55,"raster_median_ms":4.473,"raster_p90_ms":4.598,"build_median_ms":6.902}
VIEW-04 raw release full_path_draw_orientation 1920x1080 import: 8484,8468,8450,9640,9744,7035,9012,9181,9171,7463,9181,8467,8124,7918,8196,7872,8930,7252,9147,8734,9015,8821,8924,4753,9044,9667,9371,8568,8240,7580,8081,8313,6917,8996,8574,9871,8853,9002,9810,8814,9702,8417,9192,6852,9314,7152,8776,8755,9363,9753,8704,9696,8822,9162,9303,7309,7748,8393,8185,8173
VIEW-04 raw release full_path_draw_orientation 1920x1080 rotate: 3,3,5,3,3,3,4,4,3,2,3,3,3,2,3,3,3,4,4,4,4,4,3,2,4,4,3,2,4,3,2,2,4,3,3,2,3,3,3,4,3,3,4,13,2,3,3,2,3,3,4,3,4,3,4,3,3,2,3,3
VIEW-04 raw release full_path_draw_orientation 1920x1080 flip: 1,1,0,1,1,0,1,0,1,1,1,0,0,0,0,0,1,0,0,0,0,0,0,1,0,0,1,1,1,0,1,1,1,1,1,1,1,0,1,0,1,0,0,0,1,1,1,1,0,1,0,1,1,1,0,0,0,1,0,1
VIEW-04 raw release full_path_draw_orientation 1920x1080 convert: 30567,34498,32129,32056,32556,28854,33801,33942,34733,33028,35812,35264,34472,30391,33841,31919,34509,31277,32413,31406,31192,32126,34142,19410,33280,34372,33117,34176,35038,32725,33625,33540,31008,34268,31557,31723,33013,32438,33445,32950,34461,33809,35695,30284,34817,29549,35400,31428,31922,32303,31993,32057,32564,32520,34213,25672,30762,32840,32591,34155
VIEW-04 raw release full_path_draw_orientation 1920x1080 texture: 38764,38342,39367,41751,40904,37711,42595,38712,38492,38705,39272,39580,38517,38266,39670,39791,38572,39719,38820,40583,39564,39418,36330,35789,39545,40315,40112,40207,39099,38595,39688,39677,37339,38759,37889,38428,38779,39223,39063,42037,39371,39378,40746,39799,39189,39884,39260,41999,41076,37996,39319,39494,39165,38843,41289,32845,39498,40070,41475,38754
VIEW-04 raw release full_path_draw_orientation 1920x1080 work: 77819,81312,79951,83451,83208,73603,85413,81839,82400,79199,84269,83314,81116,76577,81710,79585,82015,78252,80384,80727,79775,80369,79399,59955,81873,84358,82604,82954,82382,78903,81397,81533,75269,82027,78024,80025,80649,80666,82322,83805,83538,81607,85637,76948,83323,76589,83440,82185,82364,80056,80020,81251,80556,80529,84809,65829,78011,81306,82254,81086
VIEW-04 raw release full_path_draw_orientation 1920x1080 show: 22768,15417,20797,15169,12852,27653,11060,18758,13589,22057,14427,14679,18034,20176,16907,21227,14520,22163,17696,16925,18374,18771,17478,24287,18208,11636,16246,17641,15088,18998,19420,15010,25334,15236,22363,18323,16938,18159,14409,17379,12854,19630,10788,21869,14720,24050,15109,15676,16993,18458,19148,16236,16244,20948,11613,15661,21549,17378,16115,17812
VIEW-04 raw release full_path_draw_orientation 1920x1080 total: 100587,96729,100748,98620,96060,101256,96473,100597,95989,101256,98696,97993,99150,96753,98617,100812,96535,100415,98080,97652,98149,99140,96877,84242,100081,95994,98850,100595,97470,97901,100817,96543,100603,97263,100387,98348,97587,98825,96731,101184,96392,101237,96425,98817,98043,100639,98549,97861,99357,98514,99168,97487,96800,101477,96422,81490,99560,98684,98369,98898
VIEW-04 raw release full_path_draw_orientation 1920x1080 raster: 4598,4117,4492,4525,3695,4560,4536,4472,3825,4724,4358,4444,4414,4295,4015,4518,3836,4565,4313,4498,4286,4506,3028,4601,4554,4333,4188,4371,4100,4173,4463,3913,4509,4054,4482,4592,4481,4596,4570,4525,3891,4807,3841,4500,3818,4710,4495,4544,4473,4357,4594,4440,4545,4935,4172
VIEW-04 geometry 1920x1080 source: 1920x1080 i420 planes(rowStride/pixelStride/height/bytes) 1920/1/1080/2073600/off0 960/1/540/518400/off0 960/1/540/518400/off0
VIEW-04 geometry 1920x1080 copy: 1920x1080 i420 planes(rowStride/pixelStride/height/bytes) 1920/1/1080/2073600/off0 960/1/540/518400/off0 960/1/540/518400/off0
VIEW-04 geometry 1920x1080 oriented: 1080x1920 i420 planes(rowStride/pixelStride/height/bytes) 1080/1/1920/2073600/off0 540/1/960/518400/off0 540/1/960/518400/off0
VIEW-04 result: {"card":"VIEW-04","build_mode":"release","scenario":"convert_control","width":1920,"height":1080,"samples":60,"copy_then_idle_median_ms":34.206,"copy_then_idle_p90_ms":36.171,"copy_then_spin_median_ms":27.71,"copy_then_spin_p90_ms":28.864,"copy_immediate_median_ms":31.48,"copy_immediate_p90_ms":33.425,"oriented_then_idle_median_ms":30.924,"oriented_then_idle_p90_ms":37.277,"oriented_immediate_median_ms":17.246,"oriented_immediate_p90_ms":19.305,"frame_timings_in_window":0,"raster_median_ms":0.0,"raster_p90_ms":0.0,"build_median_ms":0.0}
VIEW-04 raw release convert_control 1920x1080 copy_then_idle: 37642,34811,35887,35715,33133,29320,31468,33617,35008,33711,32516,36381,34334,35748,29193,39180,34814,34526,37347,31505,36093,30235,34206,29238,30491,35120,33831,34175,35527,32793,35951,30028,24955,34034,33565,30787,30628,35946,36717,35350,34315,31390,35916,36171,34306,35970,31631,34173,34987,35593,32661,34180,30489,32182,34746,33641,33789,31013,36198,34824
VIEW-04 raw release convert_control 1920x1080 copy_then_spin: 27917,29441,26757,27355,26526,27810,28735,27720,29194,25860,27890,28697,28969,22657,25721,26778,29228,27145,27158,26654,28864,27740,27594,27386,27938,26908,28438,28129,26351,28859,28832,27118,19903,28564,27710,27064,27749,27906,26326,28675,28625,27301,28605,28255,27272,29256,29173,27309,28370,25248,25272,26313,26853,27733,25297,25883,27750,27307,25980,26580
VIEW-04 raw release convert_control 1920x1080 copy_immediate: 29636,33761,33425,31166,29595,28387,33994,32177,31930,29574,35465,34418,32994,31920,34192,30116,30885,29778,30878,34232,31648,28302,32163,31602,32057,31381,29688,30102,32051,32946,32877,30128,27828,32552,27384,30804,32684,32146,32067,32705,32860,31422,32546,32521,31437,31303,30895,29258,29309,33219,29024,23549,33010,28744,29904,30578,30222,29525,31480,32847
VIEW-04 raw release convert_control 1920x1080 oriented_then_idle: 21987,32686,38030,24238,30924,32331,35980,28704,25340,28373,34771,24655,32177,24045,27684,25918,36059,34999,24225,34207,25291,30411,24377,37318,35078,34224,20799,26166,36195,33810,42034,35405,28073,33572,24570,42157,39100,31348,33890,22727,27562,40030,23252,24692,21628,34575,27144,29695,33843,23124,24083,29873,31776,26585,31485,37277,32292,23072,33549,24076
VIEW-04 raw release convert_control 1920x1080 oriented_immediate: 17528,19305,21814,17620,16841,16531,17797,17375,22130,16490,17126,17413,18251,16549,16345,17033,16335,15976,16949,16317,17156,16185,16800,17060,21642,17069,16955,17440,18116,17144,16558,17139,19320,17644,16844,17101,15944,19321,17067,18431,17095,17246,17378,18559,17252,18860,18918,18177,17240,17483,17343,16475,16927,17363,17758,16913,21275,15996,17724,18167
VIEW-04 raw release convert_control 1920x1080 raster: 
VIEW-04 result: {"card":"VIEW-04","build_mode":"release","scenario":"full_path_cpu_orientation","width":1920,"height":1080,"samples":60,"orientation":"cpu","import_median_ms":8.998,"import_p90_ms":9.722,"rotate_median_ms":44.953,"rotate_p90_ms":47.452,"flip_median_ms":12.682,"flip_p90_ms":13.798,"convert_median_ms":17.597,"convert_p90_ms":18.128,"texture_median_ms":42.114,"texture_p90_ms":43.772,"work_median_ms":126.415,"work_p90_ms":129.838,"show_median_ms":21.013,"show_p90_ms":25.704,"total_median_ms":147.72,"total_p90_ms":149.154,"frame_timings_in_window":58,"raster_median_ms":4.721,"raster_p90_ms":5.101,"build_median_ms":8.53}
VIEW-04 raw release full_path_cpu_orientation 1920x1080 import: 8488,9151,9579,9398,9668,8443,8367,9620,5690,9260,9301,8671,8955,8998,8924,9317,9053,8575,8947,9722,10146,9512,8653,8332,9263,8981,8505,9021,9920,8772,9220,7042,9284,8856,9865,9282,10468,8427,9199,8936,9254,8907,8627,8988,8378,8953,7657,8595,8947,9523,8440,9650,9049,9269,8925,8492,9735,9882,9374,8795
VIEW-04 raw release full_path_cpu_orientation 1920x1080 rotate: 45804,43001,43216,46826,43895,45382,45832,41521,35851,40902,47593,41935,46879,45927,43388,48295,43316,46335,46359,43053,46775,44229,43111,44487,41558,47525,41773,45391,45533,43050,48226,44629,45340,46370,43280,47416,43768,46442,46936,42360,46962,44796,42465,47602,42322,46683,42796,42509,48536,41537,46104,45811,42401,45644,43290,42748,46677,42251,47452,44953
VIEW-04 raw release full_path_cpu_orientation 1920x1080 flip: 13643,12932,12765,12786,12422,12628,12192,12578,13798,12616,13221,12347,12784,12446,12639,12817,14395,12685,12295,12594,12437,13235,12587,13187,12980,12786,12079,15568,12202,12477,12406,11972,13492,13311,12790,12411,12285,12896,12286,12498,13368,12627,12666,12849,11927,13704,12766,11870,12895,12550,15806,12089,15659,15536,14591,12683,12537,12661,12682,12307
VIEW-04 raw release full_path_cpu_orientation 1920x1080 convert: 17349,18381,17123,17589,17404,16549,17509,18029,18128,17897,17928,17119,17331,17856,17013,17756,18464,16781,17653,17081,17532,17607,17010,17786,18224,17962,17133,18074,17579,17180,17715,17495,17424,17662,16986,17472,17394,16924,17597,17300,17896,17604,16982,17817,17133,18098,17066,17346,17849,17540,18509,17602,18024,18155,18489,16898,17866,17215,17640,17785
VIEW-04 raw release full_path_cpu_orientation 1920x1080 texture: 37056,40351,43322,43071,43026,42356,42772,36417,39801,40958,41795,42883,43747,44043,41328,42085,41853,43772,43521,40653,41453,42753,37998,42132,40968,41996,44400,42354,44078,42114,42248,41605,41970,41957,43165,40210,41923,42726,42208,41993,42315,41863,42589,46873,41618,42751,43298,44005,42021,43245,39994,41934,40445,39425,40676,39977,42716,43046,44401,41458
VIEW-04 raw release full_path_cpu_orientation 1920x1080 work: 122340,123816,126005,129670,126415,125358,126672,118165,113268,121633,129838,122955,129696,129270,123292,130270,127081,128148,128775,123103,128343,127336,119359,125924,122993,129250,123890,130408,129312,123593,129815,122743,127510,128156,126086,126791,125838,127415,128226,123087,129795,125797,123329,134129,121378,130189,123583,124325,130248,124395,128853,127086,125578,128029,125971,120798,129531,125055,131549,125298
VIEW-04 raw release full_path_cpu_orientation 1920x1080 show: 24613,25054,20935,18709,21515,21941,21471,8799,21013,27521,16010,27001,17752,18777,24089,17709,20639,19878,19336,24307,19322,19989,11026,23634,24524,16737,26071,16984,18697,24381,17723,24871,20771,19385,21323,21409,21886,20164,19698,24858,17745,22280,24330,11440,28255,14249,26381,24717,15316,25704,18647,21249,21907,19670,21009,27571,18590,22484,16340,22783
VIEW-04 raw release full_path_cpu_orientation 1920x1080 total: 146953,148870,146940,148379,147930,147299,148143,126964,134281,149154,145848,149956,147448,148047,147381,147979,147720,148026,148111,147410,147665,147325,130385,149558,147517,145987,149961,147392,148009,147974,147538,147614,148281,147541,147409,148200,147724,147579,147924,147945,147540,148077,147659,145569,149633,144438,149964,149042,145564,150099,147500,148335,147485,147699,146980,148369,148121,147539,147889,148081
VIEW-04 raw release full_path_cpu_orientation 1920x1080 raster: 4473,4837,4745,4763,4705,4592,4723,3334,4886,5152,4630,5180,4750,4663,4642,4754,4636,4785,4710,5591,5101,4739,4399,4726,4591,4670,4937,4681,4641,5031,4720,4692,4810,4654,5273,5199,4694,4785,4694,4661,4783,4585,4695,4492,4892,3996,4412,4922,4698,4709,4848,4826,5483,4770,4647,4721,4648,5056
VIEW-04 result: {"card":"VIEW-04","build_mode":"release","scenario":"full_path_draw_orientation","width":1920,"height":1080,"samples":60,"orientation":"canvas","import_median_ms":8.469,"import_p90_ms":9.151,"rotate_median_ms":0.003,"rotate_p90_ms":0.004,"flip_median_ms":0.001,"flip_p90_ms":0.001,"convert_median_ms":31.7,"convert_p90_ms":34.956,"texture_median_ms":37.356,"texture_p90_ms":39.277,"work_median_ms":78.079,"work_p90_ms":81.2,"show_median_ms":19.713,"show_p90_ms":25.61,"total_median_ms":98.001,"total_p90_ms":101.197,"frame_timings_in_window":59,"raster_median_ms":4.563,"raster_p90_ms":4.844,"build_median_ms":7.86}
VIEW-04 raw release full_path_draw_orientation 1920x1080 import: 9361,8974,8720,8775,9145,8837,6919,8364,9355,8192,8141,8862,7466,8436,7602,9030,8927,8890,8866,8392,8739,8081,8662,7479,8886,4775,8983,7789,7959,9063,5570,7138,8801,9707,8554,8950,7690,5903,4641,4324,4581,7242,9342,9133,7487,8495,6850,8051,8002,8329,8295,9151,8469,9226,9747,7128,8894,6584,8700,6127
VIEW-04 raw release full_path_draw_orientation 1920x1080 rotate: 3,3,4,3,3,3,3,3,4,3,4,3,3,5,3,4,4,41,3,4,3,3,3,4,4,2,4,3,3,4,1,2,3,4,3,3,3,3,2,1,2,2,4,4,3,3,3,2,3,3,4,4,4,4,3,3,3,3,3,2
VIEW-04 raw release full_path_draw_orientation 1920x1080 flip: 1,1,0,0,1,1,0,1,0,0,0,1,1,0,1,0,0,2,1,0,1,0,0,1,0,0,1,1,1,0,1,1,1,1,1,1,0,0,0,0,0,1,0,0,0,0,0,1,0,0,0,1,0,1,1,1,1,1,1,1
VIEW-04 raw release full_path_draw_orientation 1920x1080 convert: 31149,31700,31738,30460,31061,33489,35221,35028,33678,32065,33998,34035,30104,33277,30517,31705,31519,30307,33707,32401,33230,30329,36753,29858,33004,19934,36774,32367,31353,33631,30192,32381,30939,30942,31658,33815,31898,25451,18940,19044,18853,30864,34786,34748,29639,35090,29064,34486,31156,30967,31088,30942,31514,30698,33062,34956,34546,29857,35447,23193
VIEW-04 raw release full_path_draw_orientation 1920x1080 texture: 36906,37635,37617,35736,35836,38497,38124,36867,36042,36653,37178,37449,36298,37630,36971,38142,37709,35474,38427,37557,41458,36421,38206,38984,32512,33934,36927,36741,38252,36509,39277,40786,35056,37531,37783,37886,30887,36781,33316,35209,31243,36366,37228,40101,40684,38233,36879,35952,36690,37552,39982,40411,37607,37211,38301,37670,37356,37004,37049,38398
VIEW-04 raw release full_path_draw_orientation 1920x1080 work: 77420,78313,78079,74974,76046,80827,80267,80263,79079,76913,79321,80350,73872,79348,75094,78881,78159,74714,81004,78354,83431,74834,83624,76326,74406,58645,82689,76901,77568,79207,75041,80308,74800,78185,77999,80655,70478,68138,56899,58578,54679,74475,81360,83986,77813,81821,72796,78492,75851,76851,79369,80509,77594,77140,81114,79758,80800,73449,81200,67721
VIEW-04 raw release full_path_draw_orientation 1920x1080 show: 23027,20539,19076,22521,25199,14586,20882,17994,19784,21191,19679,15656,27350,16655,25610,19713,19157,25236,14420,22543,12737,25150,15481,20284,21061,28810,15983,19265,23364,16842,26195,17047,23201,19928,22431,14869,12214,10744,8584,7123,12761,26722,18701,10908,23529,14734,28113,18177,25116,19959,20380,17334,19397,23467,14677,21635,14480,28491,12819,15599
VIEW-04 raw release full_path_draw_orientation 1920x1080 total: 100447,98852,97155,97495,101245,95413,101149,98257,98863,98104,99000,96006,101222,96003,100704,98594,97316,99950,95424,100897,96168,99984,99105,96610,95467,87455,98672,96166,100932,96049,101236,97355,98001,98113,100430,95524,82692,78882,65483,65701,67440,101197,100061,94894,101342,96555,100909,96669,100967,96810,99749,97843,96991,100607,95791,101393,95280,101940,94019,83320
VIEW-04 raw release full_path_draw_orientation 1920x1080 raster: 4698,4700,4838,5125,4733,4627,4569,4494,4308,4615,4809,4137,4563,4099,4745,4710,4565,4839,4404,4450,4024,4547,4228,5031,2904,5012,4599,4326,4733,4008,4980,4817,4727,4640,4778,4363,3525,3023,2935,2998,3927,4750,4844,4006,4662,3974,4485,4354,4688,4263,4546,4501,4955,4940,4519,4517,3811,4717,3533
VIEW-04 done mode=release
