[IMPORTANT:flutter/shell/platform/android/android_context_vk_impeller.cc(62)] Using the Impeller rendering backend (Vulkan).
[IMPORTANT:flutter/shell/platform/android/android_context_gl_impeller.cc(104)] Using the Impeller rendering backend (OpenGLES).
VIEW-04 result: {"card":"VIEW-04","build_mode":"release","scenario":"bgra_path","width":720,"height":480,"samples":60,"texture_width":720,"texture_height":480,"texture_bytes":1382400,"convert_median_ms":2.551,"convert_p90_ms":2.724,"buffer_median_ms":0.715,"buffer_p90_ms":0.806,"codec_median_ms":0.016,"codec_p90_ms":0.02,"image_median_ms":3.422,"image_p90_ms":4.041,"show_median_ms":9.685,"show_p90_ms":10.127,"total_median_ms":16.44,"total_p90_ms":16.531,"frame_timings_in_window":50,"raster_median_ms":1.547,"raster_p90_ms":1.615,"build_median_ms":0.511}
VIEW-04 raw release bgra_path 720x480 convert: 2468,2588,2649,2505,2495,2674,2613,2529,2745,2614,2551,2524,2412,2475,2653,2350,2427,2462,2504,2554,2497,2451,2601,2517,2572,2674,2622,2522,2584,2458,2637,2593,2537,2598,2589,2551,2616,2529,2601,2724,2540,2514,2571,3875,2543,2557,2429,2613,2541,2483,2491,2545,2775,3763,2435,2806,4081,2417,2468,2561
VIEW-04 raw release bgra_path 720x480 buffer: 691,712,703,728,696,798,727,688,807,745,702,797,701,699,786,652,656,714,718,700,680,677,672,726,722,752,828,736,831,689,698,738,691,696,745,698,699,721,710,809,769,732,784,684,675,732,677,693,736,691,682,729,840,715,806,829,731,704,681,727
VIEW-04 raw release bgra_path 720x480 codec: 15,22,15,16,16,16,15,14,16,15,15,15,20,16,20,15,15,16,15,15,16,16,15,14,14,20,16,16,15,16,15,16,22,15,17,15,16,17,16,16,17,16,16,16,16,16,19,16,22,17,16,15,30,16,24,19,16,16,16,17
VIEW-04 raw release bgra_path 720x480 image: 3878,3879,3444,3467,3129,3556,3935,3248,3670,3945,3491,3154,3408,3461,3486,3754,3417,5585,3312,4041,4184,4099,4023,4419,4641,3681,3983,3599,3825,3482,3395,3422,3320,3309,3546,3266,3279,3241,3248,3822,3253,3562,3219,3040,3206,3389,3157,3183,3185,3021,3315,3172,4148,3162,3139,3986,3252,3050,3045,3251
VIEW-04 raw release bgra_path 720x480 show: 9387,10613,9672,9685,10124,9409,9108,10026,9196,9258,9557,9923,9937,9879,9375,9618,9925,7617,9907,9139,9051,9346,9004,8799,8463,9364,9014,9477,9089,9882,9635,9654,9865,9811,9506,9947,9804,9955,9868,9051,9941,9561,9830,8791,10000,9705,10190,9956,9920,10232,9945,10167,8760,8502,10127,9069,7947,10263,10245,9831
VIEW-04 raw release bgra_path 720x480 total: 16439,17814,16483,16401,16460,16453,16398,16505,16434,16577,16316,16413,16478,16530,16320,16389,16440,16394,16456,16449,16428,16589,16315,16475,16412,16491,16463,16350,16344,16527,16380,16423,16435,16429,16403,16477,16414,16463,16443,16422,16520,16385,16420,16406,16440,16399,16472,16461,16404,16444,16449,16628,16553,16158,16531,16709,16027,16450,16455,16387
VIEW-04 raw release bgra_path 720x480 raster: 1541,1625,1583,1576,1666,1585,1492,1533,1589,1567,1589,1525,1415,1547,1500,1526,1545,1581,1405,1545,1500,1639,1537,1517,1434,1580,1523,1560,1534,1592,1354,1556,1621,1569,1526,1539,1246,1547,1591,1580,1529,1589,1615,1627,1603,1529,1473,1604,1567,1419
VIEW-04 result: {"card":"VIEW-04","build_mode":"release","scenario":"redraw_same_image","width":720,"height":480,"samples":60,"show_median_ms":16.432,"show_p90_ms":16.899,"frame_timings_in_window":60,"raster_median_ms":16.309,"raster_p90_ms":17.173,"build_median_ms":3.22}
VIEW-04 raw release redraw_same_image 720x480 show: 16359,16706,15956,16379,16205,16315,16256,16612,16357,17802,15474,16669,16742,16203,16327,16569,16191,16331,16899,16544,15784,16946,16678,16060,16380,16428,16474,16712,16719,15877,16490,16358,16206,16485,16598,15933,17211,15633,17113,16432,16458,16540,15996,16836,16391,16199,16973,16283,15782,16722,16405,16590,16733,16863,15509,16497,17331,15601,16758,16239
VIEW-04 raw release redraw_same_image 720x480 raster: 15843,16956,15078,16002,16362,16309,16592,16270,17642,14586,17811,15562,16846,16654,15332,16135,16999,15956,16879,16072,16272,16156,16835,15617,17330,15131,16790,17136,15353,16995,16391,15778,16894,15765,15415,17688,16102,15848,16698,16034,16538,16616,15561,16368,17236,15753,16701,16896,15188,16260,16994,16040,16566,14839,17007,17219,15550,17173,16055,15347
VIEW-04 result: {"card":"VIEW-04","build_mode":"release","scenario":"planes_as_rgba_upload","width":720,"height":480,"samples":60,"texture_width":180,"texture_height":720,"texture_bytes":518400,"convert_median_ms":0.001,"convert_p90_ms":0.002,"buffer_median_ms":0.637,"buffer_p90_ms":0.707,"codec_median_ms":0.022,"codec_p90_ms":0.027,"image_median_ms":3.734,"image_p90_ms":4.174,"show_median_ms":12.02,"show_p90_ms":12.459,"total_median_ms":16.41,"total_p90_ms":16.708,"frame_timings_in_window":33,"raster_median_ms":4.205,"raster_p90_ms":4.498,"build_median_ms":3.532}
VIEW-04 raw release planes_as_rgba_upload 720x480 convert: 1,1,1,1,2,1,1,1,1,2,1,1,1,1,1,1,1,1,2,1,1,1,1,1,2,2,1,1,1,1,1,1,2,1,1,1,1,1,1,1,1,1,1,1,1,1,1,1,1,1,2,1,1,1,2,1,1,1,1,1
VIEW-04 raw release planes_as_rgba_upload 720x480 buffer: 617,624,586,636,641,612,631,645,605,712,652,685,608,613,814,642,644,630,628,663,641,621,621,650,614,644,707,808,608,599,569,577,651,650,656,618,645,650,600,649,656,736,667,608,609,648,623,637,625,602,635,651,635,641,606,739,661,592,635,712
VIEW-04 raw release planes_as_rgba_upload 720x480 codec: 20,21,21,23,29,26,23,23,22,21,23,21,58,21,23,22,21,23,22,21,22,23,23,23,22,22,22,21,21,23,20,27,22,20,21,20,21,21,27,23,21,22,22,71,27,23,22,22,23,21,26,24,22,23,22,22,21,87,20,23
VIEW-04 raw release planes_as_rgba_upload 720x480 image: 3747,4013,3688,4089,5127,3920,3775,3904,3779,4078,4066,3101,3375,3633,3978,3758,4952,3454,3575,3648,3821,4028,3601,4691,3458,3530,3911,3458,3604,4536,3149,3569,3665,3327,3590,4806,4067,3635,3383,5032,3520,3432,3585,3388,4055,3734,3362,4028,4019,3436,3718,3904,3342,4174,3224,3400,3944,3743,3563,3979
VIEW-04 raw release planes_as_rgba_upload 720x480 show: 12000,11749,12480,11398,10598,11851,12098,11850,12215,11208,11321,12732,12211,12847,11530,11699,11139,12219,12244,12144,11997,11496,11964,11388,12413,12380,11604,11966,12369,11012,12433,12772,11513,13076,11886,11220,11793,11938,12459,10561,12363,12331,12081,12305,11647,12168,12303,12020,11691,12299,12132,11475,12651,11735,12367,12345,11708,12167,12186,11912
VIEW-04 raw release planes_as_rgba_upload 720x480 total: 16385,16408,16776,16147,16397,16410,16528,16423,16622,16021,16063,16540,16253,17115,16346,16122,16757,16327,16471,16477,16482,16169,16210,16753,16509,16578,16245,16254,16603,16171,16172,16946,15853,17074,16154,16665,16527,16245,16470,16266,16561,16522,16356,16373,16339,16574,16311,16708,16359,16359,16513,16055,16651,16574,16221,16507,16335,16590,16405,16627
VIEW-04 raw release planes_as_rgba_upload 720x480 raster: 4205,4364,4356,4231,4106,4730,4489,4387,4487,3732,3816,3994,3699,4417,4338,4073,4188,4652,4047,4536,4469,4109,4234,4408,4498,4227,4006,4057,4030,3765,3846,4149,3628
VIEW-04 result: {"card":"VIEW-04","build_mode":"release","scenario":"full_path_cpu_orientation","width":720,"height":480,"samples":60,"orientation":"cpu","import_median_ms":0.713,"import_p90_ms":1.004,"rotate_median_ms":7.849,"rotate_p90_ms":9.314,"flip_median_ms":3.108,"flip_p90_ms":3.938,"convert_median_ms":3.591,"convert_p90_ms":4.324,"texture_median_ms":9.5,"texture_p90_ms":11.113,"work_median_ms":25.157,"work_p90_ms":28.923,"show_median_ms":10.035,"show_p90_ms":16.826,"total_median_ms":32.968,"total_p90_ms":49.278,"frame_timings_in_window":45,"raster_median_ms":2.506,"raster_p90_ms":3.298,"build_median_ms":1.881}
VIEW-04 raw release full_path_cpu_orientation 720x480 import: 1014,1027,930,1057,749,1005,1025,1230,1004,994,850,515,863,570,560,791,657,640,865,747,553,689,625,650,578,754,670,737,492,763,735,623,744,737,484,749,757,623,698,656,696,661,567,761,648,603,659,850,594,778,860,659,548,745,650,707,713,786,641,686
VIEW-04 raw release full_path_cpu_orientation 720x480 rotate: 9194,12351,8712,14470,8161,13414,9745,10863,8513,9389,8699,5546,6733,8894,5941,8096,7476,6929,7438,8225,5405,8744,6748,7337,6960,8317,5979,8498,5878,7790,8171,7252,6923,8356,5332,8710,8319,7235,8148,7849,5760,8141,6170,7408,8078,6973,6609,9314,5784,8746,6966,6804,7227,9063,6002,9092,6469,7357,8175,7666
VIEW-04 raw release full_path_cpu_orientation 720x480 flip: 3375,4766,3949,5659,3310,4969,3911,4393,3710,3101,3938,2029,2745,3247,3209,3118,3071,3108,3378,3065,2458,3247,2992,2872,3293,3040,2539,3291,3053,2775,3925,2939,3108,2691,2573,3226,3782,2432,4007,2617,2271,3200,2957,2643,3689,2836,2999,3626,3023,3076,3086,2311,3027,3695,2921,3575,3156,2672,3809,3062
VIEW-04 raw release full_path_cpu_orientation 720x480 convert: 4324,4351,4106,4275,3768,5335,4125,5777,3851,3651,3949,2248,3184,3889,3613,3296,3783,3335,3620,3622,2705,3426,3434,3257,3715,3646,2991,3719,3551,3189,4358,3382,3373,3591,2942,3400,4361,3241,3976,3124,2846,3718,3206,3099,4111,3351,3271,4126,3293,3455,3437,3029,3735,4112,3101,3757,3472,2977,4326,3349
VIEW-04 raw release full_path_cpu_orientation 720x480 texture: 10654,11332,11113,13398,12933,10149,10234,10508,11845,13565,8507,6351,10094,10179,8661,10377,10341,6589,11399,10319,7492,9449,8643,10818,7443,9716,7546,8839,9213,9373,10275,7419,11009,9663,9489,9308,8353,7314,8362,9500,7221,10460,7856,10198,9617,9310,9630,8627,7046,10495,9584,8482,9786,8745,10391,9248,8368,8138,9323,7493
VIEW-04 raw release full_path_cpu_orientation 720x480 work: 28561,33827,28810,38859,28921,34872,29040,32771,28923,30700,25943,16689,23619,26779,21984,25678,25328,20601,26700,25978,18613,25555,22442,24934,21989,25473,19725,25084,22187,23890,27464,21615,25157,25038,20820,25393,25572,20845,25191,23746,18794,26180,20756,24109,26143,23073,23168,26543,19740,26550,23933,21285,24323,26360,23065,26379,22178,21930,26274,22256
VIEW-04 raw release full_path_cpu_orientation 720x480 show: 20244,15930,20260,10534,20357,14963,19616,16826,20568,18721,5263,16811,9441,5632,11223,7297,7206,12680,5998,6503,14614,7217,10582,8022,10584,7605,13235,7475,11076,9034,5099,11673,7485,7594,12353,7541,7141,12463,7444,9047,14145,6449,12460,8855,6331,10081,9975,5851,13403,6362,8703,11707,8557,6407,10035,6406,10740,11038,6349,10967
VIEW-04 raw release full_path_cpu_orientation 720x480 total: 48805,49757,49070,49393,49278,49835,48656,49597,49491,49421,31206,33500,33060,32411,33207,32975,32534,33281,32698,32481,33227,32772,33024,32956,32573,33078,32960,32559,33263,32924,32563,33288,32642,32632,33173,32934,32713,33308,32635,32793,32939,32629,33216,32964,32474,33154,33143,32394,33143,32912,32636,32992,32880,32767,33100,32785,32918,32968,32623,33223
VIEW-04 raw release full_path_cpu_orientation 720x480 raster: 3183,3346,3299,3166,3357,3531,3199,3298,3145,3109,2052,2523,2493,2319,2406,2488,2348,2503,2579,2219,2362,2578,2378,2261,2520,2532,2298,2340,2506,2287,2266,2656,2556,2275,2620,2689,2442,2820,2390,2405,2377,2323,2511,2597,2296
VIEW-04 result: {"card":"VIEW-04","build_mode":"release","scenario":"full_path_draw_orientation","width":720,"height":480,"samples":60,"orientation":"canvas","import_median_ms":2.89,"import_p90_ms":4.735,"rotate_median_ms":0.002,"rotate_p90_ms":0.004,"flip_median_ms":0.001,"flip_p90_ms":0.001,"convert_median_ms":7.981,"convert_p90_ms":11.976,"texture_median_ms":9.901,"texture_p90_ms":12.279,"work_median_ms":23.031,"work_p90_ms":27.313,"show_median_ms":18.461,"show_p90_ms":21.939,"total_median_ms":32.935,"total_p90_ms":49.506,"frame_timings_in_window":47,"raster_median_ms":3.787,"raster_p90_ms":4.181,"build_median_ms":3.645}
VIEW-04 raw release full_path_draw_orientation 720x480 import: 948,2984,1005,3711,1219,3855,1085,3265,999,4593,1020,3964,906,4982,1004,3183,1058,4992,917,3734,912,3585,1085,3443,1099,3386,1282,3620,922,4663,1048,3361,1190,3890,982,3180,1150,4018,955,3851,991,5202,988,2965,1076,4735,973,4806,1032,4821,994,3068,1214,2890,938,3798,915,4893,1209,3979
VIEW-04 raw release full_path_draw_orientation 720x480 rotate: 2,3,2,4,2,3,1,3,2,4,3,6,1,5,2,3,2,4,2,2,1,4,3,1,2,3,2,2,1,4,2,2,2,4,3,3,1,4,2,4,2,4,2,2,2,4,2,4,2,4,2,2,2,3,2,3,1,4,2,4
VIEW-04 raw release full_path_draw_orientation 720x480 flip: 0,1,0,1,1,0,1,1,0,1,0,0,1,1,0,0,0,1,0,1,1,0,0,1,1,1,1,1,1,1,0,1,0,1,0,0,1,0,0,1,0,0,0,1,1,1,1,0,1,0,1,0,1,1,0,0,1,1,0,1
VIEW-04 raw release full_path_draw_orientation 720x480 convert: 5253,13675,4541,12183,6668,8527,5919,8513,5227,8338,5214,9456,4749,10381,6451,8539,5272,11131,4733,9675,4717,11976,6043,7981,5598,12800,6614,9737,4635,8462,5703,11984,6623,10361,5215,9551,6443,8910,4738,9260,5584,9625,5205,12914,4674,8735,4844,10928,6480,10667,5239,12283,6518,9514,4682,10134,4677,10583,6243,11421
VIEW-04 raw release full_path_draw_orientation 720x480 texture: 7174,10028,6074,11946,9087,11462,7810,11991,7603,13938,6941,11995,7090,10995,8162,12253,8188,9920,6345,12133,6952,10609,7805,11834,9247,10735,8388,12316,7270,9901,7689,12974,8330,10776,8139,14579,7709,10818,7390,12306,7551,10966,7659,11724,7710,10554,6769,11606,8617,10677,7232,12279,8066,11916,7209,10983,7357,11236,8049,12896
VIEW-04 raw release full_path_draw_orientation 720x480 work: 13377,26691,11622,27845,16977,23847,14816,23773,13831,26874,13178,25421,12747,26364,15619,23978,14520,26048,11997,25545,12583,26174,14936,23260,15947,26925,16287,25676,12829,23031,14442,28322,16145,25032,14339,27313,15304,23750,13085,25422,14128,25797,13854,27606,13463,24029,12589,27344,16132,26169,13468,27632,15801,24324,12831,24918,12951,26717,15503,28301
VIEW-04 raw release full_path_draw_orientation 720x480 show: 19402,5924,21698,21827,16291,8213,18461,8593,19299,5877,20565,6369,20975,23163,17056,8486,18153,6742,21939,6268,21366,23432,17174,9325,17162,23425,15469,6706,21177,8696,19474,21042,16228,7722,18596,23264,17072,8119,20885,6562,19040,6882,19074,21542,20361,7859,21077,21545,17320,6090,19345,23050,15976,7971,21093,6779,21070,22769,16946,21205
VIEW-04 raw release full_path_draw_orientation 720x480 total: 32779,32615,33320,49672,33268,32060,33277,32366,33130,32751,33743,31790,33722,49527,32675,32464,32673,32790,33936,31813,33949,49606,32110,32585,33109,50350,31756,32382,34006,31727,33916,49364,32373,32754,32935,50577,32376,31869,33970,31984,33168,32679,32928,49148,33824,31888,33666,48889,33452,32259,32813,50682,31777,32295,33924,31697,34021,49486,32449,49506
VIEW-04 raw release full_path_draw_orientation 720x480 raster: 3775,3404,4091,3666,4116,3904,3716,3617,4074,3661,4409,3396,4028,3787,4090,3707,3806,3361,3968,3493,4271,3756,3969,3643,4019,4188,3807,3347,4109,3381,4075,4171,3489,3617,4015,3916,4385,3459,4191,3654,3781,3530,3625,3313,4181,3573,3788
VIEW-04 result: {"card":"VIEW-04","build_mode":"release","scenario":"full_path_cpu_orientation","width":720,"height":480,"samples":60,"orientation":"cpu","import_median_ms":0.762,"import_p90_ms":0.889,"rotate_median_ms":7.275,"rotate_p90_ms":8.378,"flip_median_ms":3.281,"flip_p90_ms":3.866,"convert_median_ms":3.695,"convert_p90_ms":4.334,"texture_median_ms":8.165,"texture_p90_ms":9.514,"work_median_ms":23.126,"work_p90_ms":26.377,"show_median_ms":10.297,"show_p90_ms":13.328,"total_median_ms":32.989,"total_p90_ms":33.687,"frame_timings_in_window":49,"raster_median_ms":2.8,"raster_p90_ms":3.146,"build_median_ms":2.522}
VIEW-04 raw release full_path_cpu_orientation 720x480 import: 649,807,884,999,1072,1069,804,587,752,873,693,674,932,629,724,835,649,826,713,632,821,685,802,703,628,764,851,599,698,839,584,720,924,621,926,667,857,788,641,770,837,622,681,789,654,731,889,629,880,680,672,843,625,762,841,845,769,600,685,815
VIEW-04 raw release full_path_cpu_orientation 720x480 rotate: 7343,7002,8338,8847,11835,8826,7409,6178,6843,8458,6457,6350,8347,6342,7494,7611,5751,8202,8276,5964,8322,7275,6809,6320,6254,7074,8106,6096,6723,8378,5782,6968,8407,5885,8277,6692,6523,8174,7244,6527,8193,6441,7093,7101,5760,7397,8317,5833,7845,7895,6147,7809,6989,6521,8289,8530,7350,7441,6591,7445
VIEW-04 raw release full_path_cpu_orientation 720x480 flip: 3221,3132,3957,3866,4779,3509,3515,3020,3206,3926,3121,2635,3577,3014,3045,3190,2391,3545,3710,2801,3759,3148,3195,2969,3497,3494,3474,2865,2821,3870,2701,3230,3568,2704,3664,2873,3176,3940,3385,3230,3419,2923,3548,2858,2711,3281,3410,2569,3525,3710,2843,3683,3364,3205,3885,3468,3495,3701,3220,3102
VIEW-04 raw release full_path_cpu_orientation 720x480 convert: 3908,3528,4046,4343,3763,4334,3905,3415,3567,4120,3518,3241,4463,3559,3656,3956,3136,3754,4234,3231,3759,3927,3466,3282,3876,3646,4356,3281,3454,4326,3431,3525,4388,3375,3710,3479,3430,4007,3920,3178,4348,3588,3549,3608,3624,3707,4325,3181,3695,4025,3385,3854,3616,3483,4007,4341,3642,4107,3389,3939
VIEW-04 raw release full_path_cpu_orientation 720x480 texture: 8635,8856,11599,9830,8997,8985,9428,8943,8876,9000,8659,8497,8765,8369,9073,8896,10877,8216,8797,7639,7454,7962,7986,7879,6969,7392,9514,7856,7138,7927,9318,7033,8165,8170,9566,7686,7904,7429,8527,7619,7736,7532,8255,7067,7286,7742,9668,6990,7672,8306,7125,7879,7198,8391,10883,7524,7616,7759,7763,7521
VIEW-04 raw release full_path_cpu_orientation 720x480 work: 23756,23325,28824,27885,30446,26723,25061,22143,23244,26377,22448,21397,26084,21913,23992,24488,22804,24543,25730,20267,24115,22997,22258,21153,21224,22370,26301,20697,20834,25340,21816,21476,25452,20755,26143,21397,21890,24338,23717,21324,24533,21106,23126,21423,20035,22858,26609,19202,23617,24616,20172,24068,21792,22362,27905,24708,22872,23608,21648,22822
VIEW-04 raw release full_path_cpu_orientation 720x480 show: 9514,9855,21341,20543,19237,5609,7150,11119,10230,5734,10489,12290,6012,11199,8997,7959,10297,8268,6879,13399,8156,9908,10769,11303,11997,11614,5223,12825,12169,6906,11508,11174,7277,12561,6433,11561,11458,7998,9258,12100,7564,12039,9844,11072,13328,9998,5764,14077,9185,8145,13273,8299,11265,11348,21517,7549,9460,9469,11614,9617
VIEW-04 raw release full_path_cpu_orientation 720x480 total: 33270,33180,50165,48428,49683,32332,32211,33262,33474,32111,32937,33687,32096,33112,32989,32447,33101,32811,32609,33666,32271,32905,33027,32456,33221,33984,31524,33522,33003,32246,33324,32650,32729,33316,32576,32958,33348,32336,32975,33424,32097,33145,32970,32495,33363,32856,32373,33279,32802,32761,33445,32367,33057,33710,49422,32257,32332,33077,33262,32439
VIEW-04 raw release full_path_cpu_orientation 720x480 raster: 3060,3112,3462,3437,3465,2990,2376,2918,3209,2630,2905,3184,2502,2990,3146,2452,3138,2736,2242,2996,2751,2616,2588,2392,2501,2996,2408,2688,3007,2392,2639,3007,2513,2985,2644,2903,2873,2520,2697,2987,2510,2741,2840,2480,2760,3030,2472,2965,2800
VIEW-04 result: {"card":"VIEW-04","build_mode":"release","scenario":"full_path_draw_orientation","width":720,"height":480,"samples":60,"orientation":"canvas","import_median_ms":1.589,"import_p90_ms":4.696,"rotate_median_ms":0.003,"rotate_p90_ms":0.004,"flip_median_ms":0.0,"flip_p90_ms":0.001,"convert_median_ms":6.547,"convert_p90_ms":10.24,"texture_median_ms":8.273,"texture_p90_ms":12.089,"work_median_ms":17.531,"work_p90_ms":26.561,"show_median_ms":17.872,"show_p90_ms":21.762,"total_median_ms":32.891,"total_p90_ms":34.352,"frame_timings_in_window":52,"raster_median_ms":3.805,"raster_p90_ms":4.372,"build_median_ms":4.282}
VIEW-04 raw release full_path_draw_orientation 720x480 import: 1059,2397,1112,4942,1206,2314,991,6387,853,2280,871,4976,1183,2784,960,4449,860,2416,1024,4198,963,3801,1097,4743,909,4696,945,3290,1180,3970,943,5795,1087,3453,887,3872,988,2814,1173,5041,836,3618,997,3756,1036,3353,963,4501,847,1589,1151,3929,981,3539,1009,3423,1065,1990,1002,4359
VIEW-04 raw release full_path_draw_orientation 720x480 rotate: 1,3,3,3,3,3,2,4,1,2,1,5,2,3,1,4,1,3,2,3,2,4,3,4,1,5,2,3,2,3,2,3,1,4,2,4,2,2,3,3,1,3,4,3,2,3,1,2,1,1,3,5,3,4,2,3,2,3,2,3
VIEW-04 raw release full_path_draw_orientation 720x480 flip: 1,0,0,0,1,0,1,0,0,1,1,0,1,1,1,0,0,0,0,1,0,1,0,1,1,0,0,1,0,1,0,0,0,1,0,1,1,0,0,0,0,1,1,1,0,0,1,1,0,1,0,0,0,1,1,1,0,0,1,1
VIEW-04 raw release full_path_draw_orientation 720x480 convert: 6073,11259,5652,9537,6532,8339,5504,10028,4271,12913,4751,9667,6547,11124,4625,11694,4244,10240,5933,7707,5308,8604,6420,8639,4694,8399,5226,11256,6520,10109,4708,9902,4796,7924,4522,8025,5461,7608,6012,9550,4501,6133,5721,7207,5843,8280,5437,9660,4278,7235,6410,9426,4451,8269,5565,8195,6286,10472,5551,9549
VIEW-04 raw release full_path_draw_orientation 720x480 texture: 7864,9466,7944,12821,8134,12770,8028,10247,7863,10939,7370,13074,9869,12089,6454,10414,6766,10148,7643,12296,7887,15604,7493,10265,6693,9978,7158,12728,9543,11639,6733,11639,6379,9191,7208,10943,8081,9859,7874,9999,6282,7776,7155,11075,7770,10832,6533,8273,5971,6624,7161,9280,7090,8534,6677,10384,6903,10709,6777,9174
VIEW-04 raw release full_path_draw_orientation 720x480 work: 14998,23125,14711,27303,15876,23426,14526,26666,12988,26135,12994,27722,17602,26001,12041,26561,11871,22807,14602,24205,14160,28014,15013,23652,12298,23078,13331,27278,17245,25722,12386,27339,12263,20573,12619,22845,14533,20283,15062,24593,11620,17531,13878,22042,14651,22468,12935,22437,11097,15450,14725,22640,12525,20347,13254,22006,14256,23174,13333,23086
VIEW-04 raw release full_path_draw_orientation 720x480 show: 17872,8887,18204,21954,16801,9706,18066,5718,21436,5627,20319,22102,14402,6749,21083,5824,22481,9296,18451,8442,18731,21673,18012,8361,21762,8886,20045,21965,15323,6694,21383,21907,20813,10922,21543,9262,18377,12974,17561,7310,22208,14757,19875,10616,18099,10432,20785,8491,6192,18442,17369,10616,20722,11407,20621,10726,18220,9788,19138,9223
VIEW-04 raw release full_path_draw_orientation 720x480 total: 32870,32012,32915,49257,32677,33132,32592,32384,34424,31762,33313,49824,32004,32750,33124,32385,34352,32103,33053,32647,32891,49687,33025,32013,34060,31964,33376,49243,32568,32416,33769,49246,33076,31495,34162,32107,32910,33257,32623,31903,33828,32288,33753,32658,32750,32900,33720,30928,17289,33892,32094,33256,33247,31754,33875,32732,32476,32962,32471,32309
VIEW-04 raw release full_path_draw_orientation 720x480 raster: 4588,3917,3773,4027,3732,3823,4080,3400,4302,3123,3910,4183,3560,3512,4431,3240,4424,3917,3786,3653,4498,3930,4372,3456,4224,3619,4012,4242,3805,3218,4526,3765,3921,3202,4203,3283,3675,3852,3627,3166,3881,3176,3696,3585,3685,3445,4347,2875,3307,3925,3991,3245
VIEW-04 result: {"card":"VIEW-04","build_mode":"release","scenario":"bgra_path","width":1920,"height":1080,"samples":60,"texture_width":1920,"texture_height":1080,"texture_bytes":8294400,"convert_median_ms":35.696,"convert_p90_ms":37.84,"buffer_median_ms":5.635,"buffer_p90_ms":6.149,"codec_median_ms":0.019,"codec_p90_ms":0.021,"image_median_ms":32.438,"image_p90_ms":32.899,"show_median_ms":21.581,"show_p90_ms":25.428,"total_median_ms":97.885,"total_p90_ms":99.317,"frame_timings_in_window":57,"raster_median_ms":3.74,"raster_p90_ms":4.066,"build_median_ms":4.837}
VIEW-04 raw release bgra_path 1920x1080 convert: 32384,28674,35958,33821,36958,37568,36779,38809,34847,34883,38743,35267,33257,35742,38375,37482,36203,36659,35444,33787,32156,34273,33481,37297,37967,35821,37093,36688,36930,35996,34379,32223,32206,34966,37504,35298,35691,16782,34387,34060,35297,37840,38378,38963,35843,37725,36919,35872,34183,33329,34973,36916,35662,33911,28520,36238,36585,35696,33810,33075
VIEW-04 raw release bgra_path 1920x1080 buffer: 5033,4655,5509,5557,5792,6224,6029,6360,5434,5519,6430,5402,5425,5931,6217,5977,5690,5747,5635,5121,4978,5428,5503,6105,6156,5563,6240,5671,5660,5426,4989,5037,5146,5726,5987,5300,5353,4093,5451,5661,5833,5783,6055,6149,5650,6009,5723,5707,5087,5159,5560,5812,5528,5085,4933,5790,5730,5604,5118,5178
VIEW-04 raw release bgra_path 1920x1080 codec: 19,28,20,60,16,16,21,18,18,33,18,18,19,35,18,20,19,19,18,18,17,18,18,17,18,20,19,17,19,19,29,17,16,19,18,19,19,17,19,19,17,18,16,17,18,19,19,17,31,20,19,19,19,17,16,20,20,18,17,20
VIEW-04 raw release bgra_path 1920x1080 image: 31628,31634,31641,34670,31863,34742,32453,31776,32574,32886,31572,32438,31952,32132,31849,35612,32488,32597,32865,31888,31421,32582,33040,31287,32524,33724,32847,32703,31041,32660,32548,31518,32513,32259,32450,32599,32209,27903,32869,32826,32601,30860,31214,31175,32602,34073,32884,32090,31098,30884,32579,32091,32820,32277,31185,32899,32250,31581,30703,31761
VIEW-04 raw release bgra_path 1920x1080 show: 11783,17744,9328,8444,22945,20036,24512,20542,9716,26530,20282,9299,11656,25428,21141,20421,24488,23957,24371,11086,13626,9359,10408,24317,20635,24840,21589,24491,25192,24447,10178,13245,12167,25864,22017,25703,22740,17518,11220,9687,24788,23422,23654,21581,25845,20434,23360,25050,11448,12518,25756,24074,24610,9399,18413,23998,24246,25730,12089,12263
VIEW-04 raw release bgra_path 1920x1080 total: 80847,82735,82456,82552,97574,98586,99794,97505,82589,99851,97045,82424,82309,99268,97600,99512,98888,98979,98333,81900,82198,81660,82450,99023,97300,99968,97788,99570,98842,98548,82123,82040,82048,98834,97976,98919,96012,66313,83946,82253,98536,97923,99317,97885,99958,98260,98905,98736,81847,81910,98887,98912,98639,80689,83067,98945,98831,98629,81737,82297
VIEW-04 raw release bgra_path 1920x1080 raster: 3064,4004,3484,3753,3383,3869,3984,3650,3308,3941,3740,3156,3415,4018,4009,3790,4080,3704,3744,3775,3690,3269,3591,3747,3307,3467,3613,3709,3718,4066,3605,3667,3700,3917,3895,3976,2314,2625,3598,3501,4082,4102,4074,3786,4121,4042,3760,3878,3683,3649,3977,3485,3649,3179,4025,4131,3762
VIEW-04 result: {"card":"VIEW-04","build_mode":"release","scenario":"redraw_same_image","width":1920,"height":1080,"samples":60,"show_median_ms":16.422,"show_p90_ms":17.147,"frame_timings_in_window":60,"raster_median_ms":4.827,"raster_p90_ms":5.673,"build_median_ms":6.128}
VIEW-04 raw release redraw_same_image 1920x1080 show: 16245,16434,16320,16326,16140,17814,15232,16665,16546,15956,17327,16347,16070,15761,16676,12971,19054,16912,17203,16396,16184,17237,16664,15333,16981,16422,16102,16959,16823,15388,16238,17119,16606,16442,16361,15898,16836,16230,16922,16725,15696,16693,16243,16066,17171,16161,16474,16346,16791,16414,17089,15356,16586,16460,16200,17147,16230,15855,17028,16332
VIEW-04 raw release redraw_same_image 1920x1080 raster: 5726,4677,4911,5676,4733,4443,5902,4173,5151,5151,4114,5702,4571,4422,2724,4955,5042,4546,4459,4827,4665,4100,4632,5156,4427,5162,4943,3891,5673,5034,5385,5605,4199,4528,5207,4121,5110,5532,4004,4608,4809,4498,5490,4892,4296,5786,4714,4874,5541,3873,4725,5730,4213,5206,4536,4415,5139,4908,4361,5408
VIEW-04 result: {"card":"VIEW-04","build_mode":"release","scenario":"planes_as_rgba_upload","width":1920,"height":1080,"samples":60,"texture_width":480,"texture_height":1620,"texture_bytes":3110400,"convert_median_ms":0.001,"convert_p90_ms":0.001,"buffer_median_ms":3.564,"buffer_p90_ms":3.692,"codec_median_ms":0.035,"codec_p90_ms":0.044,"image_median_ms":20.507,"image_p90_ms":22.573,"show_median_ms":24.092,"show_p90_ms":25.842,"total_median_ms":48.845,"total_p90_ms":50.002,"frame_timings_in_window":51,"raster_median_ms":5.111,"raster_p90_ms":5.435,"build_median_ms":7.16}
VIEW-04 raw release planes_as_rgba_upload 1920x1080 convert: 1,2,1,1,1,1,1,1,2,2,1,2,1,1,1,1,1,1,1,1,1,1,1,1,1,45,1,1,1,1,1,1,1,1,1,1,1,1,1,1,1,1,1,1,1,1,1,1,1,1,1,1,1,1,1,1,1,1,1,1
VIEW-04 raw release planes_as_rgba_upload 1920x1080 buffer: 3669,3707,3629,3590,3526,3578,3574,3782,3519,3706,3458,3636,3586,3604,3685,3746,3935,3506,3513,3525,3541,3620,3521,3521,3462,3692,3527,2015,2903,3230,1973,2555,3277,3183,3165,3282,3303,3228,3110,3293,3193,3405,3289,3621,3587,3577,3457,3605,3595,3612,3642,3917,3576,3558,3564,3521,3676,3679,3663,3623
VIEW-04 raw release planes_as_rgba_upload 1920x1080 codec: 37,34,171,28,39,30,35,34,33,35,36,43,44,33,37,50,36,30,30,48,44,36,36,40,36,44,30,20,20,26,17,27,28,27,26,29,29,31,25,32,28,31,34,33,36,51,33,35,31,29,38,42,40,38,40,38,41,39,31,45
VIEW-04 raw release planes_as_rgba_upload 1920x1080 image: 22573,19212,20214,20437,20844,20577,18755,23598,20619,20434,21139,22985,21293,19960,21006,21591,19031,20068,21238,20255,20838,20546,20333,21003,20984,20658,17949,11414,12815,17459,11095,13272,12901,12775,12407,13128,11791,12806,13099,13891,13578,18335,17560,17650,22345,21000,21136,20668,20959,19599,23503,20507,22974,21090,20926,21036,24475,23175,20278,21883
VIEW-04 raw release planes_as_rgba_upload 1920x1080 show: 22559,26057,27292,23774,25004,23658,28086,21983,25094,25241,24352,23132,24182,25041,24418,24621,25842,26152,23467,26372,24285,25782,24338,25367,24337,24559,8365,19886,18180,10570,20632,18167,16715,16784,17228,16659,17603,16762,16843,15432,16674,10738,12378,12283,24552,24669,24092,25663,23955,26761,21068,25592,22846,24637,24271,25030,21242,22612,24884,23420
VIEW-04 raw release planes_as_rgba_upload 1920x1080 total: 48839,49012,51307,47830,49414,47844,50451,49398,49267,49418,48986,49798,49106,48639,49147,50009,48845,49757,48249,50201,48709,49985,48229,49932,48820,48998,29872,33336,33919,31286,33718,34022,32922,32770,32827,33099,32727,32828,33078,32649,33474,32510,33262,33588,50521,49298,48719,49972,48541,50002,48252,50059,49437,49324,48802,49626,49435,49506,48857,48972
VIEW-04 raw release planes_as_rgba_upload 1920x1080 raster: 5156,5636,5164,5381,5012,4941,5052,5370,5137,5270,5111,5294,4893,5382,7952,5812,5138,5435,5031,5297,4866,5418,4828,5307,4976,5229,3388,3667,4165,3186,3493,4327,4157,3822,4312,4265,4008,3978,4286,4022,4719,4722,4457,5172,5482,5226,5197,5199,5331,5426,5530
VIEW-04 result: {"card":"VIEW-04","build_mode":"release","scenario":"full_path_cpu_orientation","width":1920,"height":1080,"samples":60,"orientation":"cpu","import_median_ms":8.973,"import_p90_ms":9.638,"rotate_median_ms":45.003,"rotate_p90_ms":48.249,"flip_median_ms":12.978,"flip_p90_ms":13.927,"convert_median_ms":17.602,"convert_p90_ms":17.985,"texture_median_ms":40.279,"texture_p90_ms":41.555,"work_median_ms":124.777,"work_p90_ms":129.358,"show_median_ms":20.729,"show_p90_ms":24.91,"total_median_ms":147.505,"total_p90_ms":149.015,"frame_timings_in_window":56,"raster_median_ms":4.31,"raster_p90_ms":4.681,"build_median_ms":5.997}
VIEW-04 raw release full_path_cpu_orientation 1920x1080 import: 8973,8872,7599,9495,9463,8746,9230,9751,8870,10090,8792,8905,8972,8794,9160,9134,9638,8833,8512,8982,8799,8801,6912,9412,8327,9375,6853,10121,8882,9101,9111,9677,8664,9859,9346,9119,9319,9096,9265,9458,5611,8721,8839,8393,9724,9079,8873,9183,9094,8889,8959,8895,9208,8605,9634,7082,7895,5757,6256,9174
VIEW-04 raw release full_path_cpu_orientation 1920x1080 rotate: 45218,42737,45940,42080,47814,43738,48516,44186,42522,47574,41968,46804,40893,47182,46374,43465,48108,42582,46105,44328,47928,43364,37798,43607,50318,44866,37282,43646,48591,44919,42647,47595,45743,46679,45525,42572,45003,41110,48249,41976,40212,44001,46787,43897,48743,45064,47740,46754,43645,49085,42886,46281,44649,45484,46342,44143,45556,33104,38859,48262
VIEW-04 raw release full_path_cpu_orientation 1920x1080 flip: 12185,12763,13076,11931,14053,12737,13852,13219,12699,12613,12238,13459,15877,13407,12566,13052,13541,13122,13949,11836,13512,12064,11018,12218,13559,12727,11731,12271,13462,12385,12942,12866,12718,12760,12978,12395,13421,14523,13358,11929,11705,13807,12369,12236,13792,12864,13923,13154,12926,14570,12910,13342,13261,13927,14431,13278,13527,10716,11899,13173
VIEW-04 raw release full_path_cpu_orientation 1920x1080 convert: 17615,17103,17517,17565,17846,18335,18022,18807,18072,17825,17139,17642,17632,17718,17859,17265,17957,17542,17665,17442,17630,17316,16938,17450,17736,17529,17011,17392,17607,17395,17250,17722,20075,16976,17530,17287,17723,17954,17976,17432,17171,17104,17591,17374,17735,17693,17270,17574,17300,17935,17611,18023,17590,16600,17610,17602,17656,16516,16525,17985
VIEW-04 raw release full_path_cpu_orientation 1920x1080 texture: 40652,41784,40668,41878,40279,42918,41270,39932,42153,40718,40446,40952,40646,40405,39804,40913,39636,39630,40461,36916,41555,41663,41140,40983,40686,40469,39343,39695,39644,39193,40834,40786,41268,39797,44143,39410,39871,40345,40008,39502,40698,34834,39529,40333,39364,39739,39718,39956,39874,40500,39860,39707,39715,40161,37301,39204,38715,40709,39364,39191
VIEW-04 raw release full_path_cpu_orientation 1920x1080 work: 124643,123259,124800,122949,129455,126474,130890,125895,124316,128820,120583,127762,124020,127506,125763,123829,128880,121709,126692,119504,129424,123208,113806,123670,130626,124966,112220,123125,128186,122993,122784,128646,128468,126071,129522,120783,125337,123028,128856,120297,115397,118467,125115,122233,129358,124439,127524,126621,122839,130979,122226,126248,124423,124777,125318,121309,123349,106802,112903,127785
VIEW-04 raw release full_path_cpu_orientation 1920x1080 show: 22767,6835,23934,26428,18104,21821,14751,23382,24556,17655,12012,18826,25432,20573,21280,24910,16784,11572,21708,11659,16727,7895,20657,23912,14861,6409,22279,24541,19319,24815,25836,18903,19739,22045,17136,10812,22635,26425,19060,8301,18984,11566,24534,25801,18080,23860,20729,21004,25366,14808,11007,22767,22168,24631,20896,9841,7584,8471,20800,20933
VIEW-04 raw release full_path_cpu_orientation 1920x1080 total: 147410,130094,148734,149377,147559,148295,145641,149277,148872,146475,132595,146588,149452,148079,147043,148739,145664,133281,148400,131163,146151,131103,134463,147582,145487,131375,134499,147666,147505,147808,148620,147549,148207,148116,146658,131595,147972,149453,147916,128598,134381,130033,149649,148034,147438,148299,148253,147625,148205,145787,133233,149015,146591,149408,146214,131150,130933,115273,133703,148718
VIEW-04 raw release full_path_cpu_orientation 1920x1080 raster: 4371,3615,4246,5199,4251,4351,4735,4182,4721,4466,4325,4373,4567,4369,4326,4813,4275,4091,4293,4141,4212,3343,4607,4310,4205,3209,4538,4180,4327,4653,4424,4074,4392,4681,4226,3768,4361,4599,4591,2984,4290,4007,4315,4575,4252,4235,4410,4306,4250,4215,4181,4451,4136,4690,4074,3848
VIEW-04 result: {"card":"VIEW-04","build_mode":"release","scenario":"full_path_draw_orientation","width":1920,"height":1080,"samples":60,"orientation":"canvas","import_median_ms":9.09,"import_p90_ms":9.683,"rotate_median_ms":0.003,"rotate_p90_ms":0.004,"flip_median_ms":0.001,"flip_p90_ms":0.001,"convert_median_ms":32.978,"convert_p90_ms":35.372,"texture_median_ms":39.248,"texture_p90_ms":40.916,"work_median_ms":81.53,"work_p90_ms":84.906,"show_median_ms":17.312,"show_p90_ms":20.961,"total_median_ms":98.641,"total_p90_ms":100.351,"frame_timings_in_window":56,"raster_median_ms":4.295,"raster_p90_ms":4.572,"build_median_ms":6.375}
VIEW-04 raw release full_path_draw_orientation 1920x1080 import: 9228,9104,9379,8321,8314,9207,8996,8543,8688,8944,8872,7590,9256,9387,9273,9738,9681,8994,9049,8752,8104,8186,8845,8252,8740,8878,9571,9090,9377,9626,8940,9870,9200,9082,8338,8673,9398,8595,9209,8989,8785,8638,9172,10519,9647,9591,9866,9683,10178,9107,8415,9218,9389,9537,9144,8809,10177,7750,9045,8838
VIEW-04 raw release full_path_draw_orientation 1920x1080 rotate: 4,4,4,4,4,3,4,3,4,3,3,3,4,3,4,4,7,3,3,5,3,4,3,3,4,3,3,3,5,3,3,4,3,3,3,3,3,3,3,3,3,3,3,3,3,3,3,4,3,4,5,3,3,7,3,2,3,4,3,3
VIEW-04 raw release full_path_draw_orientation 1920x1080 flip: 0,0,1,1,0,1,0,1,0,0,0,1,1,1,1,0,1,1,0,1,1,0,1,0,0,1,0,1,0,1,1,1,0,1,0,0,1,1,1,1,0,1,1,1,1,1,1,0,1,0,0,1,1,1,1,1,1,0,1,1
VIEW-04 raw release full_path_draw_orientation 1920x1080 convert: 33570,32100,34315,35247,32813,36408,33602,34600,33529,31459,33552,31083,31356,32294,32637,32240,32385,34349,34477,35590,31846,32878,36479,30822,35485,30472,31460,31738,32285,32405,32583,32211,34067,34800,33483,34529,34875,34290,33183,31098,35871,30533,31789,31590,32184,30317,32978,33708,33797,35372,34055,34687,35397,34195,30636,31057,33945,31085,32858,32194
VIEW-04 raw release full_path_draw_orientation 1920x1080 texture: 39127,38778,40207,37184,38193,39928,38982,41759,36964,39519,39221,40238,39748,36400,40053,39248,36851,38580,39593,39557,40303,37352,40005,38519,41294,41546,41910,37865,38806,39219,38807,39418,40169,40387,39535,38998,38015,38506,39187,38758,40711,38728,39901,38868,40014,38405,39242,40178,39799,40916,39168,41949,37475,38427,39273,40940,37523,39352,39623,38920
VIEW-04 raw release full_path_draw_orientation 1920x1080 work: 81929,79986,83906,80757,79324,85547,81584,84906,79185,79925,81648,78915,80365,78085,81968,81230,78925,81927,83122,83905,80257,78420,85333,77596,85523,80900,82944,78697,80473,81254,80334,81504,83439,84273,81359,82203,82292,81395,81583,78849,85370,77903,80866,80981,81849,78317,82090,83573,83778,85399,81643,85858,82265,82167,79057,80809,81649,78191,81530,79956
VIEW-04 raw release full_path_draw_orientation 1920x1080 show: 14319,20961,12745,18069,20880,13094,17016,13616,17994,20352,15773,21605,18125,20372,15484,18367,20193,14859,17312,12859,18127,20933,13503,21555,13840,17787,15799,20302,17252,16977,19242,15640,16912,13326,17976,16991,15830,17128,15713,21873,11565,21824,18752,17573,14094,23259,14015,17561,14531,11803,18693,12163,17003,16049,19064,18525,15455,21674,17695,17938
VIEW-04 raw release full_path_draw_orientation 1920x1080 total: 96248,100947,96651,98826,100204,98641,98600,98522,97179,100277,97421,100520,98490,98457,97452,99597,99118,96786,100434,96764,98384,99353,98836,99151,99363,98687,98743,98999,97725,98231,99576,97144,100351,97599,99335,99194,98122,98523,97296,100722,96935,99727,99618,98554,95943,101576,96105,101134,98309,97202,100336,98021,99268,98216,98121,99334,97104,99865,99225,97894
VIEW-04 raw release full_path_draw_orientation 1920x1080 raster: 4316,4688,3852,3821,4450,4117,4466,4114,3736,4333,3870,4391,4674,4572,4295,4272,4301,3982,4314,3853,3653,4295,3837,4250,4303,4376,4473,4625,4302,4269,4193,4163,4200,3883,4298,4248,4098,3956,3717,4140,3681,4361,4383,4474,4167,4542,4294,4573,4251,4001,4339,4428,4330,4352,4392,4671
VIEW-04 result: {"card":"VIEW-04","build_mode":"release","scenario":"full_path_cpu_orientation","width":1920,"height":1080,"samples":60,"orientation":"cpu","import_median_ms":8.558,"import_p90_ms":9.49,"rotate_median_ms":42.642,"rotate_p90_ms":46.361,"flip_median_ms":12.656,"flip_p90_ms":13.647,"convert_median_ms":16.86,"convert_p90_ms":17.58,"texture_median_ms":39.443,"texture_p90_ms":40.698,"work_median_ms":120.287,"work_p90_ms":125.943,"show_median_ms":18.849,"show_p90_ms":24.641,"total_median_ms":133.866,"total_p90_ms":148.072,"frame_timings_in_window":60,"raster_median_ms":4.128,"raster_p90_ms":4.703,"build_median_ms":5.548}
VIEW-04 raw release full_path_cpu_orientation 1920x1080 import: 10302,9265,9491,6471,26083,9171,9490,8740,9148,8821,9090,9342,9033,7183,7049,5888,9028,8094,5709,6594,7663,5550,9074,9438,9069,6714,6595,8558,5564,7957,8024,8555,7050,6438,6035,8522,5690,9124,6080,8807,7959,9324,9296,8676,5974,6058,9532,8839,7325,8090,9504,9385,8659,6425,9385,6366,9561,8127,6076,9019
VIEW-04 raw release full_path_cpu_orientation 1920x1080 rotate: 44033,46361,40969,39239,50362,46339,44695,41961,46902,43205,47248,45514,41819,41720,41298,41830,48973,44428,37900,35398,41465,36271,43278,48522,42992,36041,36068,44983,33247,37490,39176,44492,44703,38948,34681,45365,35631,42438,39393,43801,45531,43336,46417,44119,35416,35993,45418,42167,44127,41001,42057,42585,43026,35692,42851,41045,42642,44144,35590,44539
VIEW-04 raw release full_path_cpu_orientation 1920x1080 flip: 13252,13139,13061,12320,13755,13681,13647,13764,13044,12212,13408,12826,11941,12880,12196,12305,12831,12524,11507,11367,14161,11390,12064,13032,12196,11616,12660,12726,11627,12327,11351,15371,12462,11714,11278,13463,12128,13339,11805,12882,13295,12721,13793,12224,11333,11592,12353,11748,12316,13211,12874,13343,12877,12525,12238,12656,12594,13229,11583,13207
VIEW-04 raw release full_path_cpu_orientation 1920x1080 convert: 16728,17735,18443,16605,16953,17272,17305,16841,17355,16999,17369,17365,16429,15832,16710,15892,18384,17675,16550,16671,17629,16533,17122,17580,17009,16360,16312,17444,16224,16192,16081,17124,15977,16515,16159,17536,16319,17313,16995,16960,16990,17037,16794,16860,15962,15965,17114,16876,16547,16466,17800,16504,17126,16052,16912,16328,16426,16751,16111,17100
VIEW-04 raw release full_path_cpu_orientation 1920x1080 texture: 40462,39443,36362,41143,39709,39770,39489,40100,40351,39741,40455,38718,36481,37083,36773,35226,36040,38634,34132,34742,34627,39481,39855,39790,38798,36357,40937,38721,41369,38633,34233,41831,34524,33530,35927,38795,41439,38520,38296,37837,40032,40698,39601,39262,39095,39562,39545,39219,39834,36332,40821,40168,39952,39571,40234,38883,37318,39324,39706,39569
VIEW-04 raw release full_path_cpu_orientation 1920x1080 work: 124777,125943,118326,115778,146862,126233,124626,121406,126800,120978,127570,123765,115703,114698,114026,111141,125256,121355,105798,104772,115545,109225,121393,128362,120064,107088,112572,122432,108031,112599,108865,127373,114716,107145,104080,123681,111207,120734,112569,120287,123807,123116,125901,121141,107780,109170,123962,118849,120149,115100,123056,121985,121640,110265,121620,115278,118541,121575,109066,123434
VIEW-04 raw release full_path_cpu_orientation 1920x1080 show: 23402,21914,9944,18849,16545,22355,23549,26579,21197,27037,19149,24307,14060,15982,16764,23201,22748,7708,9893,10810,15298,24641,26889,16682,10991,9223,19395,7502,7334,20018,23453,19217,15457,8386,12094,6727,23219,8164,22006,9413,26089,24475,21628,7837,7562,25030,22551,11651,13861,15882,23620,9394,9362,23607,7591,19195,10789,9033,24939,23508
VIEW-04 raw release full_path_cpu_orientation 1920x1080 total: 148179,147857,128270,134627,163407,148588,148175,147985,147997,148015,146719,148072,129763,130680,130790,134342,148004,129063,115691,115582,130843,133866,148282,145044,131055,116311,131967,129934,115365,132617,132318,146590,130173,115531,116174,130408,134426,128898,134575,129700,149896,147591,147529,128978,115342,134200,146513,130500,134010,130982,146676,131379,131002,133872,129211,134473,129330,130608,134005,146942
VIEW-04 raw release full_path_cpu_orientation 1920x1080 raster: 4707,4822,3327,4579,4404,4749,4429,4517,4406,4940,4642,4128,3678,3255,2942,4037,3955,3230,3487,3858,2859,4703,4922,4460,3521,3457,4380,3194,3682,3813,4249,3381,3013,3164,3779,3291,4623,3300,4487,3816,4810,4361,4469,3170,3202,4481,4465,3642,4293,4353,4350,4364,3216,4145,3235,4446,3989,3346,4545,4125
VIEW-04 result: {"card":"VIEW-04","build_mode":"release","scenario":"full_path_draw_orientation","width":1920,"height":1080,"samples":60,"orientation":"canvas","import_median_ms":8.822,"import_p90_ms":9.831,"rotate_median_ms":0.003,"rotate_p90_ms":0.004,"flip_median_ms":0.0,"flip_p90_ms":0.001,"convert_median_ms":32.394,"convert_p90_ms":34.713,"texture_median_ms":39.082,"texture_p90_ms":40.281,"work_median_ms":80.507,"work_p90_ms":83.785,"show_median_ms":18.175,"show_p90_ms":23.998,"total_median_ms":98.477,"total_p90_ms":100.573,"frame_timings_in_window":60,"raster_median_ms":4.408,"raster_p90_ms":4.608,"build_median_ms":6.735}
VIEW-04 raw release full_path_draw_orientation 1920x1080 import: 9837,8414,7447,8822,8712,9349,8378,8876,7214,9265,8501,7802,8889,9257,7895,9928,9569,8869,8823,8870,9715,7983,9381,8306,7230,9084,8791,8401,8728,8531,9383,9629,9798,9131,8777,9010,7038,9648,8628,8391,8477,8524,8754,9557,9015,10276,8972,9571,8701,8648,6585,10096,6990,9938,8507,8079,8436,9831,8811,10151
VIEW-04 raw release full_path_draw_orientation 1920x1080 rotate: 3,4,2,3,3,4,3,3,3,3,3,3,3,3,3,3,3,4,4,4,4,3,7,3,2,3,3,3,3,3,4,4,3,4,4,4,4,4,3,3,3,3,3,4,4,4,4,3,3,4,4,3,2,4,3,4,3,3,3,3
VIEW-04 raw release full_path_draw_orientation 1920x1080 flip: 0,0,0,1,0,0,1,1,0,1,0,0,0,0,0,1,0,0,0,1,0,0,1,0,1,1,1,0,0,0,0,1,1,0,1,0,0,1,1,1,1,0,1,0,0,0,0,1,0,0,0,1,1,1,0,0,1,0,0,1
VIEW-04 raw release full_path_draw_orientation 1920x1080 convert: 31612,31029,22114,32693,31175,33558,32160,34545,29232,35512,34752,30507,31562,34312,29839,31759,32507,31888,33570,33620,34428,33496,33506,32356,30876,33675,29415,31454,34713,31132,32236,31920,32094,32433,33887,35020,32196,35949,33831,34634,30840,31046,31602,31239,31208,31217,32396,31331,32707,34467,29511,35577,30304,36834,33141,31606,32459,32396,32394,32442
VIEW-04 raw release full_path_draw_orientation 1920x1080 texture: 38904,35685,33825,40119,36965,34676,33566,34983,38761,39004,38998,39715,38650,39336,38181,42409,39638,38705,42080,38181,37630,39070,40281,39842,38479,40620,39122,39929,40116,39082,39217,40116,40023,41414,36732,40470,38297,40124,38829,39824,37542,38942,39587,38948,39188,39470,38599,39663,38537,39511,37965,40022,37993,42051,38547,39786,40042,39767,39075,38900
VIEW-04 raw release full_path_draw_orientation 1920x1080 work: 80356,75132,63388,81638,76855,77587,74108,78408,75210,83785,82254,78027,79104,82908,75918,84100,81717,79466,84477,80676,81777,80552,83176,80507,76588,83383,77332,79787,83560,78748,80840,81670,81919,82982,79401,84504,77535,85726,81292,82853,76863,78515,79947,79748,79415,80967,79971,80569,79948,82630,74065,85699,75290,88828,80198,79475,80941,81997,80283,81497
VIEW-04 raw release full_path_draw_orientation 1920x1080 show: 17236,23230,20817,15303,22481,20715,24590,18175,25284,14418,17828,18290,20901,14406,23998,15163,16197,19575,12451,19897,13258,20446,14316,18377,21707,17186,19622,20196,13231,22007,17577,15818,15301,16296,21489,10757,24259,12304,17825,14787,21167,20546,19820,17985,19699,17076,17622,17908,21066,13088,26273,11864,24705,26592,16934,20807,17913,16930,18384,15191
VIEW-04 raw release full_path_draw_orientation 1920x1080 total: 97592,98362,84205,96941,99336,98302,98698,96583,100494,98203,100082,96317,100005,97314,99916,99263,97914,99041,96928,100573,95035,100998,97492,98884,98295,100569,96954,99983,96791,100755,98417,97488,97220,99278,100890,95261,101794,98030,99117,97640,98030,99061,99767,97733,99114,98043,97593,98477,101014,95718,100338,97563,99995,115420,97132,100282,98854,98927,98667,96688
VIEW-04 raw release full_path_draw_orientation 1920x1080 raster: 4408,4430,4442,4435,4244,3763,4016,3695,4508,4068,4476,4049,4386,3799,4565,4530,4440,4401,4432,4394,3343,4390,3731,3855,3918,4419,4116,4386,3678,4513,4208,4439,4474,4431,4515,3568,4834,4214,4431,4277,4614,4608,4592,4387,4865,4427,4441,4385,4390,3547,5515,3657,4624,4478,3779,4252,4513,4524,4723,4280
VIEW-04 done mode=release
