[IMPORTANT:flutter/shell/platform/android/android_context_vk_impeller.cc(62)] Using the Impeller rendering backend (Vulkan).
[IMPORTANT:flutter/shell/platform/android/android_context_gl_impeller.cc(104)] Using the Impeller rendering backend (OpenGLES).
VIEW-04 result: {"card":"VIEW-04","build_mode":"release","scenario":"bgra_path","width":720,"height":480,"samples":60,"texture_width":720,"texture_height":480,"texture_bytes":1382400,"convert_median_ms":2.302,"convert_p90_ms":2.474,"buffer_median_ms":0.704,"buffer_p90_ms":0.78,"codec_median_ms":0.016,"codec_p90_ms":0.02,"image_median_ms":5.874,"image_p90_ms":7.185,"show_median_ms":7.514,"show_p90_ms":8.533,"total_median_ms":16.468,"total_p90_ms":16.764,"frame_timings_in_window":45,"raster_median_ms":1.611,"raster_p90_ms":1.799,"build_median_ms":0.521}
VIEW-04 raw release bgra_path 720x480 convert: 2474,2412,2295,2356,2300,2300,2363,2373,4116,2316,2465,2333,2334,2490,2403,2356,2279,2215,3867,2353,4513,2294,2265,2304,2288,2321,2255,2263,2313,2248,2354,2273,2263,2332,2313,3972,2296,2272,2302,2301,2284,2378,2350,2294,2329,2237,2214,2330,2217,2304,2299,2269,2256,2235,2238,2279,2251,2262,2530,2296
VIEW-04 raw release bgra_path 720x480 buffer: 773,752,726,780,846,796,738,770,932,720,756,688,698,687,678,682,723,724,766,722,835,1166,702,661,670,709,702,667,666,706,733,803,705,679,692,731,704,698,679,658,754,695,704,667,672,776,717,701,638,628,670,682,692,664,730,659,677,724,706,685
VIEW-04 raw release bgra_path 720x480 codec: 19,17,16,21,18,17,17,18,29,17,17,15,18,16,18,16,16,27,16,19,19,20,16,17,16,15,15,16,16,15,16,15,49,16,15,17,15,15,15,16,16,17,17,19,14,19,16,15,15,15,16,14,14,16,16,15,16,21,16,21
VIEW-04 raw release bgra_path 720x480 image: 7286,6283,6540,5469,6230,6453,6335,7185,5763,5806,5981,5367,8395,5970,5886,5472,4595,5922,5946,9134,10028,8534,5374,5172,6644,4145,5496,4923,4821,4771,6105,5238,5304,6723,5975,4844,5027,6107,5732,6110,5639,6151,6616,3995,5520,4138,5239,5171,5786,5660,6755,6096,5696,5874,5890,5861,5881,5758,8493,5342
VIEW-04 raw release bgra_path 720x480 show: 6290,7104,7185,7374,7262,6764,7097,4634,6439,7445,6518,8149,6444,7109,6972,7298,8755,7514,5851,4297,17538,4223,8173,8326,7146,8985,7929,8533,8682,8684,7280,8140,8074,6987,7268,6715,8459,7378,7686,7489,7674,7308,8467,7716,7885,9305,8311,8263,7820,7789,6652,7453,7751,7665,7593,7664,7643,7699,5807,7098
VIEW-04 raw release bgra_path 720x480 total: 16842,16568,16762,16000,16656,16330,16550,14980,17279,16304,15737,16552,17889,16272,15957,15824,16368,16402,16446,16525,32933,16237,16530,16480,16764,16175,16397,16402,16498,16424,16488,16469,16395,16737,16263,16279,16501,16470,16414,16574,16367,16549,18154,14691,16420,16475,16497,16480,16476,16396,16392,16514,16409,16454,16467,16478,16468,16464,17552,15442
VIEW-04 raw release bgra_path 720x480 raster: 1465,1336,1806,1362,1297,1741,1882,1574,1757,1456,1583,1599,1599,1702,1617,1691,1516,1550,1700,1648,1583,1497,1629,1611,1744,1508,1590,1441,1560,1586,1635,1574,1757,1525,1673,1652,1656,1670,1842,1584,1799,1828,1674,1533,1614
VIEW-04 result: {"card":"VIEW-04","build_mode":"release","scenario":"redraw_same_image","width":720,"height":480,"samples":60,"show_median_ms":16.379,"show_p90_ms":17.123,"frame_timings_in_window":60,"raster_median_ms":3.22,"raster_p90_ms":3.457,"build_median_ms":2.722}
VIEW-04 raw release redraw_same_image 720x480 show: 15634,17286,16343,17370,16266,16507,16325,15948,17256,15788,19510,13974,16492,16378,17331,15637,16412,16572,16382,16716,16878,15887,16287,16580,16332,16522,16360,16254,15988,17000,17114,15990,16583,16382,15998,16066,16758,16924,16012,16119,15743,16881,17442,16321,16594,16545,16506,16456,16306,16304,16305,16128,16554,17123,16325,16379,16561,16272,16365,16241
VIEW-04 raw release redraw_same_image 720x480 raster: 1843,2541,2382,3359,3321,3272,3062,2505,3366,2669,3429,3220,3139,3403,3443,3352,3457,3179,3374,3565,3585,3396,3374,3383,3260,3482,3007,3176,2706,3371,3493,3338,3946,3309,2860,2450,2788,3300,2891,2599,1870,2024,3112,3287,3469,3254,3382,3205,3122,2797,2798,2536,2556,3294,3016,3212,3253,2987,2778,2717
VIEW-04 result: {"card":"VIEW-04","build_mode":"release","scenario":"planes_as_rgba_upload","width":720,"height":480,"samples":60,"texture_width":180,"texture_height":720,"texture_bytes":518400,"convert_median_ms":0.001,"convert_p90_ms":0.001,"buffer_median_ms":0.608,"buffer_p90_ms":0.668,"codec_median_ms":0.022,"codec_p90_ms":0.024,"image_median_ms":3.531,"image_p90_ms":4.521,"show_median_ms":12.253,"show_p90_ms":12.914,"total_median_ms":16.423,"total_p90_ms":16.674,"frame_timings_in_window":35,"raster_median_ms":3.884,"raster_p90_ms":4.156,"build_median_ms":3.106}
VIEW-04 raw release planes_as_rgba_upload 720x480 convert: 1,1,1,1,1,1,1,1,1,1,1,2,1,1,1,1,1,1,1,1,1,1,1,1,1,1,1,1,1,1,1,1,1,1,1,1,1,1,1,1,1,1,1,1,1,1,1,1,1,1,1,1,1,1,1,1,1,1,1,1
VIEW-04 raw release planes_as_rgba_upload 720x480 buffer: 604,635,668,690,674,634,599,593,588,664,623,634,598,635,454,463,400,403,633,678,633,578,585,601,608,590,605,607,594,606,595,575,604,713,649,634,604,611,613,615,599,644,613,629,591,623,611,605,602,688,714,606,625,592,611,584,594,610,595,616
VIEW-04 raw release planes_as_rgba_upload 720x480 codec: 22,22,22,21,25,22,22,23,21,22,24,24,21,24,19,17,16,15,23,20,22,27,20,22,21,22,21,20,21,21,21,22,23,22,26,24,25,22,22,21,21,22,26,21,21,20,21,22,22,22,22,21,22,24,21,22,22,23,27,22
VIEW-04 raw release planes_as_rgba_upload 720x480 image: 3232,4353,3101,3618,5776,4521,2611,2666,3184,3873,5600,4719,3713,3417,2420,4913,4232,2855,3050,2892,3363,3486,3318,4075,3885,3402,3540,3139,3079,3464,3056,3299,3839,4185,3730,3531,4119,3343,3646,4386,3424,4700,3156,4449,3365,3107,3339,4922,3524,3841,3228,3884,3974,3177,3924,3280,4291,3261,3743,3646
VIEW-04 raw release planes_as_rgba_upload 720x480 show: 12478,11372,12476,12303,9813,11261,13342,13194,12768,11849,9977,11030,12429,11570,13493,10679,11958,14035,12703,13083,12373,11869,12887,11710,12076,12487,12157,12463,12986,12399,12542,12848,11662,11645,12017,12203,11892,12382,12093,11362,12508,10987,12799,11232,12362,12914,12261,11162,12063,11809,12474,12058,11822,12720,11750,12512,11546,12561,12121,12253
VIEW-04 raw release planes_as_rgba_upload 720x480 total: 16337,16383,16268,16633,16289,16439,16575,16477,16562,16409,16225,16409,16762,15647,16387,16073,16607,17309,16410,16674,16392,15961,16811,16409,16591,16502,16324,16230,16681,16491,16215,16745,16129,16566,16423,16393,16641,16359,16375,16385,16553,16354,16595,16332,16340,16665,16233,16712,16212,16361,16439,16570,16444,16514,16307,16399,16454,16456,16487,16538
VIEW-04 raw release planes_as_rgba_upload 720x480 raster: 4094,4156,4007,3751,4031,3921,3862,3761,4282,3805,3947,3860,3885,3124,3280,2854,2907,4110,3848,3989,4097,3587,3890,3903,3811,4199,3735,3703,3684,3884,3663,3927,3926,4299,3753
VIEW-04 result: {"card":"VIEW-04","build_mode":"release","scenario":"bgra_path","width":1920,"height":1080,"samples":60,"texture_width":1920,"texture_height":1080,"texture_bytes":8294400,"convert_median_ms":27.333,"convert_p90_ms":37.131,"buffer_median_ms":6.267,"buffer_p90_ms":7.704,"codec_median_ms":0.024,"codec_p90_ms":0.028,"image_median_ms":29.533,"image_p90_ms":33.866,"show_median_ms":16.122,"show_p90_ms":22.593,"total_median_ms":80.902,"total_p90_ms":98.84,"frame_timings_in_window":54,"raster_median_ms":2.593,"raster_p90_ms":3.703,"build_median_ms":2.262}
VIEW-04 raw release bgra_path 1920x1080 convert: 33241,34038,37448,38069,38133,25745,36412,36710,37676,32506,34757,32067,35343,33403,28704,30485,35732,38046,36822,37131,36817,35049,35553,36232,35684,35759,27333,16470,16500,17006,16868,37404,32349,18656,18015,17418,17663,18832,17437,16828,16731,16787,29804,22154,17822,20938,16615,16601,16865,18990,19306,16607,16914,23016,35066,16512,21942,16648,20116,20378
VIEW-04 raw release bgra_path 1920x1080 buffer: 7077,6922,7715,7462,8118,6845,7653,6982,7042,7142,7312,7129,6158,5950,6312,6267,7966,7642,7876,7179,7726,6814,6364,7137,6552,7523,7133,5105,5446,5965,5243,7704,6910,5798,5661,5122,6102,5957,5965,6503,4825,5553,5383,5705,18922,5959,5557,4688,4771,4331,5872,5277,5185,6123,6926,4531,5456,4580,4873,4844
VIEW-04 raw release bgra_path 1920x1080 codec: 31,28,24,24,25,25,23,24,23,25,23,23,46,23,24,24,26,25,22,26,27,22,22,22,22,26,29,23,25,24,23,22,27,25,31,18,28,27,23,31,19,22,19,25,21,24,22,18,17,17,24,22,21,24,25,15,23,17,16,18
VIEW-04 raw release bgra_path 1920x1080 image: 26942,32308,32531,31645,27103,29975,31147,31487,40314,28209,29533,26942,32134,33838,36082,35833,35200,36123,33779,33262,33866,34393,33188,30817,32759,30864,27749,23765,23919,24825,26885,28333,28885,29293,30467,29792,32228,24686,32211,28425,25762,28230,29692,27250,24245,28546,25360,25759,23598,30315,27047,27873,28459,33773,29473,25764,24513,23508,31218,25833
VIEW-04 raw release bgra_path 1920x1080 show: 14979,9642,20309,22593,7178,21328,23605,23355,12667,14949,11200,16122,8542,8344,11230,10264,20029,17089,19823,21609,19912,22669,23837,24574,23585,6710,19429,20468,19840,18014,18554,8435,12731,12022,11662,13581,9945,16091,10151,14027,18395,16631,16555,10063,21777,9630,18317,18635,20657,12361,13389,15983,15610,20320,9160,19107,14020,21104,9700,14507
VIEW-04 raw release bgra_path 1920x1080 total: 82270,82938,98027,99793,80557,83918,98840,98558,97722,82831,82825,82283,82223,81558,82352,82873,98953,98925,98322,99207,98348,98947,98964,98782,98602,80882,81673,65831,65730,65834,67573,81898,80902,65794,65836,65931,65966,65593,65787,65814,65732,67223,81453,65197,82787,65097,65871,65701,65908,66014,65638,65762,66189,83256,80650,65929,65954,65857,65923,65580
VIEW-04 raw release bgra_path 1920x1080 raster: 3171,3698,3795,3910,2420,3502,3461,3659,2499,3310,2623,3634,3314,2593,2878,3410,3583,3636,3465,3796,3741,3526,3646,3703,3832,2403,1999,2044,2076,1960,3428,3217,2182,2497,2401,2425,1985,2501,2271,1824,2290,3218,2544,2053,2386,2002,2339,2246,2257,2353,2055,2240,2524,3304
VIEW-04 result: {"card":"VIEW-04","build_mode":"release","scenario":"redraw_same_image","width":1920,"height":1080,"samples":60,"show_median_ms":16.467,"show_p90_ms":17.112,"frame_timings_in_window":60,"raster_median_ms":5.185,"raster_p90_ms":6.187,"build_median_ms":3.981}
VIEW-04 raw release redraw_same_image 1920x1080 show: 17134,17112,15880,16956,15515,16998,15990,16619,16578,16463,16359,16612,16466,16293,16421,16480,16451,16500,16160,16572,16562,16567,16314,16588,16393,16467,15697,17267,16334,16521,16445,16704,16135,16675,15568,16081,16294,17263,16981,16229,17287,16799,15940,17202,15549,16603,16859,16380,16766,16050,16350,17015,15547,16666,17115,15950,16306,16893,16137,16219
VIEW-04 raw release redraw_same_image 1920x1080 raster: 5112,4844,4979,4218,5068,5020,5224,5028,5167,5185,5112,5294,4936,5170,5171,4995,5032,5125,5139,5218,5184,5108,4902,4886,4914,4797,5756,5016,5102,5075,5023,4946,5097,4919,5596,5829,6000,5337,5117,5338,5829,5465,6242,6009,5736,5634,6187,5444,5662,6715,5529,5642,7066,6052,6279,6528,5317,6226,5621,5938
VIEW-04 result: {"card":"VIEW-04","build_mode":"release","scenario":"planes_as_rgba_upload","width":1920,"height":1080,"samples":60,"texture_width":480,"texture_height":1620,"texture_bytes":3110400,"convert_median_ms":0.001,"convert_p90_ms":0.001,"buffer_median_ms":3.229,"buffer_p90_ms":3.503,"codec_median_ms":0.031,"codec_p90_ms":0.04,"image_median_ms":15.06,"image_p90_ms":20.41,"show_median_ms":17.202,"show_p90_ms":23.693,"total_median_ms":32.953,"total_p90_ms":48.72,"frame_timings_in_window":60,"raster_median_ms":3.952,"raster_p90_ms":4.925,"build_median_ms":4.122}
VIEW-04 raw release planes_as_rgba_upload 1920x1080 convert: 1,1,1,1,1,1,1,1,1,1,1,1,1,1,1,1,1,1,1,7,1,1,1,1,1,1,1,1,1,1,1,1,1,1,1,1,1,1,1,1,1,1,1,1,1,1,1,1,1,1,1,1,2,1,1,1,1,1,1,1
VIEW-04 raw release planes_as_rgba_upload 1920x1080 buffer: 3253,3281,3228,3296,3233,3213,3266,3171,3285,3306,3191,3241,3168,3125,3264,3389,3219,3256,3219,3220,3319,2347,3239,3223,3198,3226,3048,3189,3173,3170,3156,3184,3245,3054,3223,3161,3189,3231,3211,3229,3047,3144,3170,3089,3199,3188,3303,3373,3312,3496,3449,3503,3446,3526,3525,3601,3671,3656,3525,3343
VIEW-04 raw release planes_as_rgba_upload 1920x1080 codec: 29,38,31,31,32,30,27,32,34,36,31,25,37,35,38,36,25,28,30,27,32,41,26,28,27,41,25,35,29,30,27,25,34,23,28,29,22,29,28,27,23,26,28,25,28,31,37,40,36,39,51,29,42,32,40,41,33,49,36,39
VIEW-04 raw release planes_as_rgba_upload 1920x1080 image: 16504,15757,15042,15378,16683,14675,15584,16726,14995,15249,15823,18652,15173,15001,16208,15277,17413,14842,15924,16348,17064,10110,13155,11626,10827,10794,11476,11768,11259,12200,11342,11029,15060,11042,13106,11476,12463,11740,12531,11211,13727,11366,10799,11842,11530,12779,11800,20068,17772,18702,20160,20666,22989,20410,21245,21502,21437,21013,19009,19105
VIEW-04 raw release planes_as_rgba_upload 1920x1080 show: 13043,13959,14447,14267,12893,14864,14018,13277,14458,14147,14001,10403,14811,14964,13236,14251,12144,14632,13779,13221,11852,19689,17579,18060,18872,18567,18540,17948,18192,17520,18514,18496,14528,18862,16463,18342,17224,17865,17202,19346,15054,18373,18713,18024,18257,16706,18523,9507,11844,11019,26545,25366,22107,25989,24435,23693,24315,24001,9866,10574
VIEW-04 raw release planes_as_rgba_upload 1920x1080 total: 32830,33036,32749,32973,32842,32783,32896,33207,32773,32739,33047,32322,33190,33126,32747,32954,32802,32759,32953,32823,32268,32188,34000,32938,32925,32629,33090,32941,32654,32921,33040,32735,32868,32982,32821,33009,32899,32866,32973,33814,31852,32910,32711,32981,33015,32705,33664,32989,32965,33257,50206,49565,48586,49958,49246,48838,49457,48720,32437,33062
VIEW-04 raw release planes_as_rgba_upload 1920x1080 raster: 4286,4125,4072,3981,4115,4192,4053,4117,3943,4072,3812,4216,4032,3944,4374,4040,3838,3921,4221,3952,3362,4009,3638,3663,3744,3272,3702,3670,3339,3698,3706,3539,3482,3845,3767,3634,3787,3693,3697,3505,3729,3727,3417,3705,3714,3723,4551,4470,4515,4628,4940,4925,5037,5051,4984,5172,5166,4904,4225,4424
VIEW-04 done mode=release
